X	Y
27,076197499885254 26,453819388436255
25,684064085520223 30,059443812544256
23,386136728157133 28,137696516280464
20,46221682747454 44,66104487492894
21,637005071955773 43,900847353478106
24,63675154248037 27,429231690625496
24,247195384888688 28,122708787417753
23,26571585775919 27,791540315551725
20,949051498689702 44,455848543444034
21,71746862058927 37,42511852914926
24,421505516719005 28,328209421662038
22,631298117762185 44,96920106594342
24,79707654111214 30,318805044916292
24,07032434117687 46,21610812702185
21,739123554156485 44,69796878729181
25,300373468048548 26,08524320473154
24,280022487668138 44,966722030484874
21,5802015104867 46,04000239436786
21,98355045984003 45,8299307629972
24,445141010825957 38,899650918684586
21,413994781547345 35,907897402402384
25,72551348013528 37,164008661004104
24,184251845569985 38,926782146238004
22,85932225736422 37,04333242196692
20,613321923212048 46,347728003405265
25,624570223950084 36,564761116766014
22,912983741832793 45,515367095719114
27,75337351827163 26,950547045530584
24,407087460834767 38,17357872352748
24,198500277394743 29,129032850686585
26,570217263190994 28,50063346998171
23,425683304835527 45,192203748103765
19,8601534952085 47,210028986286815
23,40155835725053 45,54071444048597
22,37401347667287 36,67778174169906
26,122657687723724 26,564218751599842
23,04567314847713 46,56766372092279
27,472533741578136 29,74045667696342
21,501364980921025 47,44456699963181
21,552292838011518 36,50446833767508
23,600631641650196 39,24429563706341
22,22384556308405 45,92437593654833
25,625337773737897 29,55808065215959
26,23236779029713 26,152130292128746
23,440178970732198 45,788583635435025
23,647331896972766 38,46262008314731
24,86270211369424 35,78744398656449
23,313889671637376 46,116900694343556
23,79830117904486 35,992826838572675
27,694634630550986 26,74420854767805
22,881175809686734 46,30573901279698
27,252299893874365 28,302101384953584
25,24105320498557 27,303468637220167
22,94181788412806 45,715751084714896
23,86523646982553 26,70415782233185
22,25297800986184 48,01135979905786
23,290594270915715 36,310961466997306
23,27768540048344 46,34904891809097
26,654503205227417 27,649190496430734
24,866499380258364 27,355596411111094
26,00395013400826 27,90790925467226
21,759328406212866 45,71191367189352
26,76041169474441 28,890301177033212
25,96738442919002 37,280534278827325
24,405347769842678 39,19577079964373
21,472746578515114 47,43563257090144
22,28512959302785 44,45550264594905
25,6751189162347 29,27143991333503
24,6105148127971 30,113411483719233
23,944610841726384 28,02142726731384
24,91697966245334 35,03875882501326
21,208162921860083 44,39072837048663
19,979678799772834 45,024862280222635
25,40886080873782 35,92670059342219
20,686348420332997 45,04362026923999
22,48199620726888 36,32631341451895
23,059978733866085 35,79320959914124
24,4797263052683 29,814789036688197
22,27096472581996 35,27575009956745
22,314559237523266 37,49358221768242
22,65560691531669 37,69951675339612
20,461370857338753 44,630150354010055
22,73263829220133 47,497303744629974
20,863296742843183 47,113646580675514
24,753541291587354 39,06249452971803
21,206118491937858 36,423166927244
24,35573464855687 38,72800492746706
23,911938899238972 27,128236620564355
22,663494339376758 45,64921526883253
27,06314295651029 28,190146672338557
22,877790761632873 48,414022070321934
23,73886791337186 47,41028947784752
22,025008736477247 45,8601528185908
23,285786679448393 47,04625094352558
24,567799807023206 36,463572685591316
21,80607137570474 43,93721306245105
24,759041502170163 35,487108817911654
25,091897227856503 36,86510589524368
25,972830027397666 29,515691159180857
26,914158663245573 27,18495958165412
25,416721244579882 38,22051921554146
24,254494955206702 28,600322493938346
23,664442463239517 34,642421348012334
20,334905206240816 46,363601488981914
23,754198241872974 39,176291706891774
21,973645070376573 36,193740680288705
24,185286791120753 37,375151028463144
22,48978445447552 38,39465747694703
26,927944584364838 28,153773366507508
25,357020502785296 27,819453646662506
25,797367305375513 36,070448075881906
24,159821739495865 46,696538267836424
23,643218712025323 35,314632144060646
23,320846983222825 45,64041240193643
23,140588594728555 46,08431366778333
22,040597451269885 36,02728495046732
22,75129580679238 34,845844363829464
21,37345043512098 36,02308299834159
26,264879333575607 25,992814334347408
23,819045337165278 37,41072136786303
21,927319120401265 37,64527335567439
24,13765499295133 35,02831676501609
21,505592523824532 38,448098279904045
24,411594616210426 28,199883997678267
24,93950674372291 36,68072764081806
22,74315282811089 38,302770942981105
27,30560567710018 27,735143136963707
25,54404522029885 36,50736734792213
24,805349705809867 39,2814575842504
24,276301365810635 45,15979413596305
23,32851078602063 46,04327755918986
20,77246426402814 48,01156617390342
24,273240037545907 45,14076548387572
27,065800949020293 26,715157011009595
24,959744353531455 30,227466585501443
27,280962213930295 28,54915892606898
22,702960805167393 45,50257556939275
25,66350596205891 37,123419011375056
23,65436498734668 46,25889802132619
23,45892391414605 44,401895956673464
25,436976558629247 37,75017716990132
21,88147598496872 47,922222426086634
24,560419676512804 37,606222936371736
22,991363836609434 46,60536399080115
20,583889075141055 44,83847034695311
22,059751502071656 38,249293572300715
24,837567849176516 35,71601479053189
23,587546662037088 45,97449590030053
23,641837616027377 37,32151174514796
21,543597942092333 45,06936987193974
24,04730671650405 47,35833313859068
25,696589652694115 26,687781286729052
25,309387830414597 30,021446324657003
25,416685775883753 36,98544194989168
25,721369946218857 29,259286357625115
24,257740915753132 45,145749982443434
27,77719139988966 27,399635125352038
21,818019301249464 47,362198954342595
22,3996772467075 47,49910943025961
23,76675602981249 27,12977177664783
21,488081660256306 43,83674541138602
24,402223679018626 39,460939849222655
24,866436301216027 26,272680572317125
24,311124345534743 35,46062006394539
21,177228959740994 44,805264587938524
21,997445955655454 47,83689561271476
24,505390231419163 30,28288927839243
21,47135369070592 47,30896407756269
24,95965411387329 38,244551130712736
25,797435530013168 27,60500667609646
22,488464579666815 37,446456202099526
25,63048090264988 25,967898722849604
25,78234445872019 29,359980548347423
23,999138025165802 46,79172229701309
20,54761378185307 45,4682413552069
24,86448768636144 27,695840259889977
24,119833369518215 36,580210550772236
24,402035536974527 45,71430212200711
26,200645327429434 29,788128808396475
24,216181258329826 37,66626299762001
23,157861870103975 35,95890087804103
21,345038721399035 46,79180811920678
20,651093853975667 45,52171805579489
25,784474338179603 37,48114187217327
21,457987029498184 47,97787021492743
26,820785336241713 29,809323946595953
22,694502470699845 36,962214577873446
24,29607165666467 38,12455522174866
24,19812027967397 29,859903728092327
25,057451696588206 36,23139291923233
24,167708959355746 36,11186400796334
21,49178933201543 45,05302083666939
20,06723157384189 45,866283969463616
22,57229396030194 48,05638648331648
21,978157260261337 37,344693382956315
23,965622082705327 47,55499040297329
25,54556144831997 26,84177766006222
25,598019021974114 30,042081821798483
24,83351804833136 30,34524736173957
21,39892991508014 46,203141417056166
21,211665394450183 45,91636523608643
19,835993960713598 45,65645108689133
23,345892123865983 35,81355140869819
25,861054148503644 28,80326450177762
23,73000659342413 26,70122566772394
25,165823458019368 28,851348222522102
21,68630949462103 36,12566991325614
24,825201179498745 35,007736273402166
22,04178993499116 43,85264380999897
22,020877628515233 45,28480299742128
23,76861515947466 45,79331046904015
22,939398299996434 38,47975348926081
25,279861189042656 37,85896210745154
22,6964378136584 46,291994710268035
25,364765381908416 37,59843932582721
22,766887435872555 48,19249932373543
23,099056339537825 35,79486722882637
25,04350584447679 36,63937827881556
21,65780282003613 36,96966347261653
24,796096022293664 38,89260348081233
23,895822476186424 47,271732733589765
25,912373445961546 36,92113025182436
26,605785375557502 29,13786133613839
23,772397542321904 44,97118377181308
25,163130801797852 28,74320572181363
26,74135534664777 30,350275478965408
24,636360877742668 36,63107604994101
23,05842200209173 35,18062636510818
21,44004147468683 46,88532815982476
20,600086663562728 44,75285391723257
25,90506477852897 28,47405894285252
23,967052719770635 39,0068708745435
19,92813111733589 46,685569226736256
22,872579730570678 37,769985132469984
21,189413679791105 44,275375732757524
23,989066083862838 46,114813262133936
19,71367940262994 45,85643879663032
21,182532699641126 47,93736024243917
23,385911527937072 44,84275868811635
25,63977883913525 29,255540363523217
26,530903441240294 25,793421884540617
24,474356187323465 37,105373657384625
23,957933137377672 26,450233227750942
20,27487771669818 45,790474122922035
20,364544492650175 46,11622198296934
26,037397226965854 37,148251915374495
23,06345681657117 44,573714050816704
23,32916491345139 35,77160012389934
21,03107067826736 45,390936664049775
20,951201988491714 45,89731788941317
26,803782940291498 26,175492330610943
26,58025865784236 26,798971197693294
20,74045536070346 46,80919649738023
22,68055536358693 45,58643555145063
24,099344721651644 39,530670080230365
24,630262590083323 34,8990433172776
27,20540416176226 26,325282423028636
22,594162270996122 35,118878745138474
20,533206156750502 45,31534692516263
25,214099349153607 28,812602765124414
25,8125423808633 28,407193397538098
25,318485096178527 37,340937483629176
21,769785850671827 35,76064442925409
26,501417561067914 26,05589341246975
22,05734711202983 37,79341263189816
20,108721046259152 46,351259751648804
27,16777193414862 29,834278463800203
24,53234119461185 38,700872677247425
24,680308254690704 26,643603778331023
23,195237521665202 44,563190515144235
23,11897104984663 47,636803113355754
22,912500050742544 44,674938162057884
20,086968315532776 46,27784461880289
20,111101962213148 45,05721962638167
21,681207392379175 37,580782695649525
23,521917426519448 37,25384029117762
22,446669513848487 47,91324002074098
24,390664744329815 38,085966813758155
20,055088141469977 44,78998171851949
23,46878460539821 27,22588499306403
25,626310322363103 30,357091448952463
26,516121203530606 27,64512712959864
24,021124799927097 26,709194196941453
25,32916130863933 37,00265986815959
21,370877175897625 47,4839066016204
26,047130638552364 30,41886359134563
22,971327392003925 37,830126879448464
24,660069377037455 35,40475640271643
21,3604871557621 43,927698218370026
21,991765973115008 46,72814596233714
23,667328709536058 29,273868282462438
26,883158350837316 28,681494945978198
23,685095964369427 28,560525992014657
23,308273459220175 36,82144189917293
24,55745250649269 37,449235790544876
24,54192938403564 27,81359332943372
25,362186432383652 38,175533647711696
19,824065568120233 46,017632653397825
23,037568229462227 37,60240628978454
21,493993680213222 44,317739648667065
24,145687992169336 28,526385946895854
23,39423856015334 46,82506927615792
20,77453245971988 46,927936186557254
21,753876380885153 45,1602866614691
23,028846374507662 45,99142253257597
25,0229829468997 37,27028514747664
22,53820954831333 37,84365124581517
22,703742472676183 35,69134826145748
23,324761803683526 36,77580807633359
25,47770997979736 29,450099251348615
24,494369163869198 38,37018620343378
24,462078792338062 35,68020700254499
25,00027547023662 27,422059467375497
21,88408695330585 47,23026775263716
22,414419455343182 39,08625079239681
23,295881274778058 27,56454928058154
27,13321637293464 29,298610333342815
21,323187020609076 43,83668384566808
26,72270259299929 27,014025558556348
26,42781098184177 26,544224029430094
23,284244511048694 45,00923804404439
25,44950874383918 28,1115330013863
23,707430292875365 38,5521671043037
22,91322464545893 46,59642647885708
26,75048501059487 27,877890469620464
25,16649442567744 30,5256582514523
23,013281723281224 37,323542068471646
23,53424551296705 29,171356262260876
28,057006508960683 28,271986316158817
27,282721263098722 29,266112086858445
23,060350181856275 35,496805091566245
19,844523593671703 46,87991712142584
25,923710833321312 36,77894592559618
26,465481570266704 28,985795863083624
27,880455416677425 27,233347192643244
27,945574550149693 27,278190378435497
21,979943446393914 38,86561248829671
24,90400680787667 37,609243948685375
23,160749542351724 37,60519485504475
24,912613178620028 36,01974086511918
21,454033921789748 36,93823397797884
24,491699739608794 46,203734670496026
22,427601218941884 44,93604724169763
23,963508094207 29,519864051682454
21,942940089504035 47,62561939758218
23,024165907886847 46,9163299385806
22,655397476256894 44,555349870117055
25,139624740951135 27,66628768626893
22,219378573513865 36,86817473057083
20,92317275112981 45,65085694645061
24,86839311455851 39,21266145151454
23,014774554250533 48,06878478280481
24,254457164640506 34,79910706678289
25,049464622479377 36,771007731871215
20,71991573682333 45,74493931002123
24,906356936647402 28,040236722544183
23,223023205455856 47,94138689438287
22,96038791660556 37,516380323704794
23,199652060897932 48,09260197151659
26,944532230902748 27,47058817296445
21,88625480205229 38,41506498167127
20,166408795369446 45,18991354027172
26,46577293238861 27,12242445065399
21,511912220631423 48,28983100704252
24,1218484033868 46,5449498939638
23,32711796899215 38,02351053893306
27,402777095201984 28,342611302700497
26,084249546854583 29,75616796794621
24,174515290543045 36,68005666152542
22,0698405062695 43,97406318516228
23,587904391125946 36,783738370491044
22,20179271023632 37,86228596181549
25,230700536649675 37,32011700558742
24,591344978779183 36,08770113925772
20,571461763458007 48,069836123198634
23,316922332019995 27,566787291533178
23,822966580449997 37,122154864828886
22,10619606416256 48,21938129073347
22,872966050897507 43,81268490500745
22,93749462685064 37,824081238824014
20,801815751699937 47,901249191618895
25,866655804788024 30,283560145529794
22,060049875104482 44,379571826678166
23,81924196189142 29,268106158140853
19,978887715101745 45,62304396836933
25,235428974737953 38,73808257066352
22,845912645738956 36,88980004619042
21,592810567442736 45,58592274711072
26,37398184685307 26,669243109769855
26,832290777275546 27,90055902511046
26,30114542144649 28,693472727258445
22,869878381175273 35,274720996760436
22,454064859962898 38,523532064547524
25,286562768564334 35,407394306252
26,671468991988892 26,68493544704012
26,64187025748353 29,87298689800756
21,45402560421924 47,45431094000391
24,080996587200563 47,35883128447811
26,590390786500954 26,894459959717768
24,022592698446232 26,399103211727645
24,861214397487107 37,85364991614312
20,70563102263107 46,63514949993539
23,790664747101776 44,71995894884148
26,883521958476738 27,360721835050878
27,988570074943276 27,532628462900206
23,523226869824143 35,6404333156186
27,449743174043675 29,364632603223104
22,383385835347593 35,74525190348661
24,595020917474137 26,03026871358677
25,502107165618728 28,665357525889412
20,110504644267067 44,622537961766874
21,701527804894123 38,2172158589602
22,89115673647774 36,76889662201791
22,375146313509646 47,695855748480774
26,58514173171837 27,018247418660632
25,746122212576026 27,699643394004273
22,027401659646603 44,4452119644643
25,713228055060494 38,3068061811876
26,927485017061112 26,07097937707515
25,34058468417314 35,78199710301954
24,41335671664549 37,41770286222946
21,186560662425244 46,424600855953074
23,88258265520253 47,141707301371376
27,600817224137288 27,054093020338872
24,53662641623032 46,07219287605455
24,462332907851813 27,841448487058912
24,016208107471638 27,382185879195628
27,36711358643038 28,343965129758327
22,403304889165145 43,994179240624725
25,250292714775394 36,83282271316742
25,438522011570427 37,29718128650908
27,163573774714596 27,15800679456265
25,79636569423842 28,46192228334074
25,32430315162124 28,660247463745808
25,295472034885126 26,717593280543667
25,701351666925667 28,08377130839416
25,758365288348163 26,300857080498623
22,541566336938857 38,61281438112965
21,499840421437064 36,55895362662102
24,238149395754586 28,83297850699386
20,53259118131201 44,199049247096724
22,78104413695787 46,804475244176444
24,330693473954106 45,758854304172225
23,976982031164518 38,777512519223706
23,95383464074732 38,93288656085961
22,141485091987946 44,35655450593599
23,583939341199113 46,1625142772305
21,816044908595362 37,255138850679074
24,83573667651147 38,309001621281894
21,454935292428548 46,243607580645566
25,964282910348246 27,087926542216483
23,8327171127357 38,46412307571522
25,585626038439603 38,26261861575333
25,725528925803705 37,97759140344942
24,27587581140865 37,3044748371187
20,0180713055701 45,43633032608914
22,746423017344952 46,56346918554685
24,891755707251892 35,29634787456877
28,04350465746922 28,641306288936757
21,981923866553363 45,240595246336945
24,84770152583467 30,45878394423918
22,983494318006784 47,9669912245835
19,877527336833808 47,075087580720066
23,704753848673256 34,95070897389333
23,676619045196546 27,535921460928538
24,969286693425172 26,15342984083558
23,49148444752386 48,03343454396581
24,867543175147077 26,018646279723093
23,730327765546402 28,298596660386472
25,41879113612667 27,74708626067274
27,423998397202936 29,052824383117606
24,92990708729352 29,12113056088166
24,72321801946331 39,29362487834146
22,78736325433994 44,34834326967216
21,236201202642917 36,6061620273275
24,109276583291805 29,43494881219102
22,244773427099656 47,379670189644656
23,72712291577016 36,38426382655126
20,462480092514035 47,037075893054826
21,142142152725707 47,66223779852292
20,404471141905734 45,34745872830825
22,485492478883327 48,22400737949406
25,256584754807285 26,568233571663868
23,783951612365655 45,83729729513996
23,179980694427204 37,67143665163469
24,1714426222583 37,49211876472296
23,468582617489833 45,00943331237941
20,704869253526464 46,49256143502664
26,926206594629743 27,73385643791043
26,149325664358408 26,346651536426148
24,739473462069704 26,25698884819351
22,812306969466132 44,72409052546881
28,07799898024693 27,7806490643298
23,608075902264467 39,414315146637854
20,199289394892503 47,034516153702974
23,73393621651453 35,8361032152299
23,96350695623082 46,61862689501094
25,46188720143948 28,557370472259873
21,707113203902285 36,43924866878434
25,05039495954206 28,308386972400168
21,24049777587392 37,75512520647428
26,973079542612442 30,083284299225124
26,000752200942436 29,973402338177614
25,91160396022875 37,98279959245713
27,07326785604645 26,551402873730147
25,96887838969841 28,851539512091126
25,69702841883443 36,13853094445943
23,4154676546762 35,773465163026565
23,947626490775065 44,6875523931803
20,675973767970234 47,25704388612351
23,483116646135098 48,01901514985341
24,401614017347715 26,11789395087226
26,97394993144968 28,743509606519574
24,427767974041544 37,654810398734845
25,137725782194124 26,734661983946697
24,35740277976851 27,21158778766098
24,337866695053865 29,998977635115168
22,272880346745726 37,86794941526511
21,59005923321863 37,589921350220905
25,17391906069301 28,56794696059402
25,956968161450966 27,349183425443893
22,527381987508033 47,36952322586163
24,274235106153125 28,295887393478807
24,28135766179704 26,388317206747328
24,268096821320864 35,56649855366299
24,81755533896071 38,49608905462119
23,981688716914217 36,25133948411195
23,1609945860149 47,741695243183585
23,30838996351484 34,902002998470905
23,271256382064127 36,00717492575703
24,236288582527965 38,909010034222845
22,566571342434997 35,01412283530324
22,07172713823664 36,081055699756845
23,966887597609887 46,36002479352384
22,939089920343402 34,812320422011425
27,649239660634183 27,96039271820846
23,43409169916923 38,22792406068925
22,364434614862684 48,56944644907337
23,38606831962984 46,05670346975941
27,25463161806298 28,73039606393939
25,891711793365364 29,8242155666654
27,253059037706624 26,332332794920223
25,05739152606691 36,342373792428425
25,439569241257246 25,78992306675945
27,5756457982632 27,13856609338887
22,01589761880901 44,34664341441235
25,897739193099888 37,229342325680875
24,010792903218533 46,88767981252838
22,704454810096472 35,38935448655758
26,143014096647114 29,010826566843733
21,918120841351175 37,41233514874879
24,758152506445704 35,39474373551654
25,924254394104953 38,46274653118419
23,308199478937777 27,769549932442235
25,637511733284025 25,506227730806753
28,354998664560615 27,751723445528807
23,09116534168713 28,653877822347507
23,620831204258078 29,576018796947206
20,761721911852778 37,422479248922265
25,18791631262958 35,335061086093354
22,448320485969937 48,59180644093764
24,476191262213053 47,16859140998087
28,46321896125161 28,23453389151549
25,25691559791257 25,69669453640831
24,753655586005305 46,16311676402674
28,388592613089127 28,158266985272114
20,178295563983824 44,252744929396194
21,164097557144753 37,8888322360609
21,400249829219796 38,87913658305148
26,126224491694497 37,70247849252627
23,99692690690784 44,10208567377408
20,526123150860226 43,73345657338243
20,270616882499947 44,17698842873575
21,238508189294006 35,70952558891915
25,628630218560268 30,508331692921374
19,720229015952192 46,90359377634507
23,716384961785916 29,736704931522738
21,388274390798244 36,04281295742562
24,597778519980338 46,306987198787496
26,504038383080292 25,894269991951614
20,87850015933542 36,39075528477056
22,1707588150025 39,65891347675987
26,446304918085694 25,54319215243331
22,73439879218052 43,86506889400233
22,99151632774708 28,18049809997537
26,133711096066165 36,75221186264735
27,42907848097536 26,238486478315135
25,79353970620993 37,94850920427325
24,543863716019455 46,72286303266146
26,274339827611254 37,22571357923052
25,483484296739228 35,58139558793518
23,82249483736743 44,25930033096118
22,307316743261865 39,4683384407249
25,82585474951524 37,88073112827066
26,133029993529902 38,50080161512395
21,38834573144159 48,899310705252915
27,690894950045532 26,808448935637006
23,329917580199655 26,41328219493777
20,89625778853183 36,073028057699666
23,77875847858281 48,36473291121224
23,084037880592184 28,467067278665237
26,45791065708448 30,699392933047594
21,30910241068888 48,61580674948522
20,821120877521746 43,60692703598261
21,309272918683455 36,54631710423709
24,432416906052612 44,78347598403404
20,767009369288253 43,85948160041474
21,02931994483257 37,4831004657447
28,150153807762646 26,95518311073238
21,868516665082534 43,60085011635372
25,715898708064508 25,574762574930432
21,02793872615365 37,54142206945604
0,959468861492435 -38,79061773716961
-38,75232057499512 -17,9540580206241
7,713396038576157 49,03483441318456
