102 607
894
761
947
212
774
882
64
425
953
53
946
908
592
859
382
335
889
719
719
105
466
150
486
960
115
409
519
857
121
509
474
327
465
97
469
177
55
556
443
36
710
409
560
273
111
35
110
778
37
373
226
187
743
93
555
664
651
354
453
644
747
554
103
676
737
177
986
720
713
111
950
125
670
12
906
756
203
29
833
340
344
372
888
73
925
823
201
928
110
41
891
581
460
967
263
174
124
531
350
749
552
572
23 779
1229 1246
514 1089
248 508
221 1135
65 118
708 1136
219 584
487 984
304 511
199 524
653 1300
1273 1399
174 553
365 717
239 787
1012 1384
975 1023
1008 1082
504 1109
330 490
718 817
112 1242
829 1100
109 589
398 920
145 1013
55 382
170 582
1374 1440
466 965
115 325
690 769
558 1262
641 867
333 452
473 1352
156 394
31 67
424 934
1017 1022
760 1108
252 1165
729 1024
278 1090
117 811
648 1419
93 1056
1146 1199
262 1437
96 1318
796 1275
710 1283
867 1299
992 1236
573 1130
378 453
389 1142
1056 1436
786 1300
646 1106
566 1212
631 1370
4 1160
653 1317
38 298
9 844
892 1254
300 881
826 1157
511 685
151 460
519 982
180 490
786 1010
303 979
216 732
205 1047
345 811
291 1049
625 1042
757 1151
384 661
316 931
982 1334
218 463
737 764
112 391
175 1014
148 949
576 613
616 1427
487 753
111 288
143 435
178 216
403 784
585 950
214 797
633 1205
355 636
24 102
17 1329
428 538
663 1069
547 1160
860 1238
158 769
650 1345
323 1082
777 1000
215 874
699 892
270 710
1021 1096
232 447
623 1159
776 987
1266 1400
893 1195
32 718
819 1270
1058 1219
302 363
186 501
281 541
554 605
542 1211
194 292
251 1244
63 932
326 686
1121 1192
533 767
519 752
3 679
495 1208
198 720
415 537
396 555
132 470
671 1100
577 1255
603 796
471 1419
713 1139
310 452
13 834
938 1321
532 844
414 753
141 656
37 1410
1045 1383
254 1111
835 1385
508 1106
1167 1436
405 1429
877 1314
724 931
98 1057
294 1365
481 533
299 743
662 846
108 548
1259 1437
143 418
519 900
44 421
140 823
617 783
535 675
933 1195
36 1274
668 1383
21 704
360 1377
600 1337
184 248
327 563
218 510
700 803
187 1216
390 480
215 1132
357 1172
880 1379
290 454
950 1056
1020 1440
94 112
108 286
257 851
173 1367
1353 1437
433 1152
274 956
319 1413
475 476
666 926
707 1429
1267 1357
109 368
971 1371
152 1409
935 1258
120 736
741 1038
259 749
14 1094
787 1183
753 1427
583 1091
641 687
620 1286
292 663
203 840
541 810
329 797
385 722
397 640
706 917
508 571
1221 1349
213 360
945 1294
519 1033
109 744
337 1139
170 639
4 307
651 1271
165 706
1109 1263
747 751
394 466
127 790
247 720
867 1298
221 1393
434 1409
670 1306
712 998
576 1170
610 704
225 1093
628 1206
401 447
692 1147
307 1102
443 1435
159 789
592 1202
33 959
257 302
454 1283
288 534
341 1034
935 1146
781 1252
19 227
697 1101
337 1089
147 336
1004 1417
520 1264
204 967
272 1103
131 879
461 1239
731 831
687 1338
710 806
1247 1355
843 1092
764 1206
276 438
547 866
442 1042
238 1256
584 924
1324 1357
843 1091
906 1100
124 402
39 219
581 998
32 711
1020 1382
882 915
474 587
345 1155
891 912
366 1163
20 1063
511 1249
313 431
372 564
338 655
1176 1383
512 913
708 1175
916 1119
3 136
101 1145
218 1169
718 1278
424 621
172 1252
527 882
60 123
231 841
190 1185
472 1284
939 1122
84 922
261 1434
344 893
456 753
427 574
110 1340
502 922
5 1417
78 720
293 364
84 118
145 745
824 948
199 659
31 95
520 655
791 871
296 1364
141 1220
477 934
102 1285
541 553
423 438
295 1143
577 1428
708 854
133 900
1043 1123
195 810
476 1072
296 423
219 1300
170 1045
428 865
5 428
313 843
191 1343
162 847
356 421
71 603
1101 1158
1064 1425
393 829
107 1240
90 646
367 632
556 1069
111 1253
281 1415
1017 1331
1238 1370
292 866
1 118
774 1062
112 1042
179 375
496 768
222 629
24 965
1219 1317
6 202
636 900
1000 1234
103 545
422 703
804 1157
234 608
931 1167
653 1366
574 1289
919 1232
17 44
484 1335
965 1221
847 1082
589 674
55 1204
93 1298
793 1141
371 1408
374 1409
158 964
911 1412
770 1181
257 619
1146 1241
412 624
601 1266
232 385
446 839
562 975
395 756
18 1024
939 1291
337 1273
540 1078
471 723
200 652
310 1402
304 380
613 1046
296 484
895 1185
300 752
103 487
780 787
943 1431
526 1191
699 1376
301 972
573 915
427 652
477 781
757 1182
17 74
325 917
364 537
315 735
135 955
70 1060
929 1377
792 1064
156 470
344 524
362 1108
525 671
348 779
610 736
286 342
391 892
108 1298
286 945
715 1035
851 925
935 1361
391 1233
796 1379
129 777
162 1199
81 1356
743 1433
189 915
417 914
667 1034
407 891
1232 1239
98 970
346 839
603 795
337 855
493 574
538 812
1116 1401
1194 1245
1234 1275
638 1018
932 1017
321 449
739 936
255 1367
542 625
543 1026
87 721
116 413
404 1277
1154 1168
1298 1420
950 1021
766 1172
440 1320
608 668
1055 1163
102 299
315 721
621 825
657 1203
188 255
314 1287
180 930
341 549
832 1086
278 685
188 270
145 1083
5 120
898 1133
719 1232
366 1088
517 1429
492 1274
76 1218
1032 1180
210 1367
849 1422
66 538
789 867
368 1099
132 588
244 879
123 919
716 837
163 1033
37 630
465 481
859 1001
187 236
453 741
13 794
550 859
5 1157
196 356
802 1122
41 1069
545 552
19 577
354 1012
310 686
1072 1236
533 636
748 1043
363 1366
2 1331
292 372
460 954
199 1188
412 1149
125 804
430 767
202 1200
205 1279
11 1081
238 476
643 970
841 1423
428 576
172 1327
838 958
467 1223
590 685
1013 1363
544 1340
562 927
975 1008
518 1192
109 924
286 812
424 702
242 686
517 1013
548 910
505 1360
777 1150
361 1315
217 1282
255 795
637 950
365 1197
522 773
337 698
78 1381
161 604
1004 1228
1034 1188
332 713
523 570
1069 1405
160 180
80 1114
264 618
76 566
293 896
373 999
671 981
553 1273
366 1436
420 1010
506 1183
970 995
325 1111
431 644
170 202
340 979
79 882
677 1147
688 1222
410 1048
21 1126
958 1383
132 722
885 1059
