79941
-49104
-83708
57060
7548
-41404
52988
-23858
39958
-63908
98754
-22958
64423
33702
-69198
-30570
23758
-97326
90000
-10919
-61077
45193
22040
99209
-1393
-44741
-29252
23542
32225
-79113
32885
75433
79731
-41681
-95134
21951
-83421
63563
76980
77778
-50220
34352
-66369
-35304
-12950
-31592
-25344
99364
88836
-80335
77251
36116
-9151
5781
-5921
-16319
-89390
-28916
10086
-67170
85965
73626
22392
11973
97311
76826
47257
72843
-18801
-80227
19962
19927
6167
-84647
-1977
86173
-59648
-45502
-19995
96670
-17661
41762
16566
-47937
-88918
-55665
15803
-15097
-62663
-93354
-58384
88352
19516
-63806
-3415
-40960
-28569
-61539
38879
49390
24044
-90614
-14844
11013
-57388
-4666
50126
59914
13554
-64874
-58881
-53565
-2032
-5239
-34433
17481
-84629
42089
18154
53996
-51740
-47489
-32186
20290
-67133
-18469
63598
-55267
4788
34665
17640
-34684
-9934
65077
-7438
-66752
5456
-52684
38960
75328
-88443
-14508
83610
-53110
94010
94243
36885
-21507
82855
-49671
-23415
46990
39723
66588
1137
-15307
24315
90602
85554
76396
-34515
78844
-90408
37767
3709
45460
-43852
-47012
-21378
-84191
70754
16078
55837
40420
-42245
91355
88727
-40821
-99443
-418
-9298
-79285
60897
20919
3636
45878
30034
80169
85288
-14177
-55775
-13872
11187
32651
95396
85971
-66227
84041
72337
16104
-77049
-60127
-73695
-76373
71051
-73726
-6430
87318
-13487
-73889
-69670
-60208
-6444
-12468
75043
-47515
63798
85460
87078
68167
11564
-60538
70630
-28515
77285
43491
67650
28045
-21254
67363
21950
-45684
-11472
93019
55793
-28331
68129
99495
31745
72969
39004
57485
-89948
41062
4269
-6297
-83140
46734
74545
99604
25733
-66596
-85984
-85443
71227
6258
-16354
-20003
68382
88585
-98671
63731
9299
-54876
8221
62352
-90231
94438
-17087
9787
44945
-38806
93614
-48581
-21822
-47284
3599
-40737
-92141
78398
-39462
-59223
25208
30838
-77505
68258
-44200
55987
2692
91381
53870
57732
-44227
-4521
-5033
42045
48401
72480
43691
-64525
65398
29519
87837
-40792
-10
42991
-48539
21023
-23490
91843
-80073
-38771
-97143
-13231
-23657
-19077
-4534
85373
-34811
31940
18158
-69978
67635
87906
-8962
-80034
3862
-20294
-22125
53350
-26726
-4286
44236
-78963
-91489
20733
-82439
50755
39098
35806
70628
-58882
-52594
11462
25024
3741
53989
-13535
86868
83136
-3815
-1233
-17506
-41574
77203
9607
48098
-68320
94668
-63108
-4007
-85070
-42153
-70191
-46945
68039
9206
37705
58391
-79168
15183
18167
-58813
-1004
80844
60957
-19734
7192
66604
99476
93529
11056
29656
70137
86334
-51882
-12127
-392
-20566
41977
-80012
21621
-27730
73022
85575
90934
-20385
-28319
-70150
-87174
-63580
-81538
14347
-26571
28371
-84195
36913
42898
98406
46288
7658
87309
80728
88974
49449
-45615
-65845
-43162
-33589
39808
29312
18472
-46770
47043
-75715
27674
-1514
95950
61489
-82771
92382
-82728
-99547
37663
-31528
-2916
78331
8295
15936
-67907
-87912
88953
-9553
18488
15762
68652
-28150
-37451
-68293
-34023
-3581
-91445
49973
-5498
88760
-96188
73061
-96232
-41124
16914
20324
72126
66134
32737
-79660
33819
-36291
34317
87215
-5368
19587
-5615
79189
38280
36300
-11537
50222
-80319
43076
35401
65690
13739
-55543
-17908
13747
69388
59147
60203
85726
90583
-40028
90359
91565
45031
-54838
-77993
-77435
-6237
46341
-93454
94897
-82993
-6088
-75160
5797
34906
-84052
-25722
-28357
-38222
-45690
-11046
45841
-74732
31588
-40225
19728
-69130
12360
-16013
-74516
-32473
20149
-16231
45688
-70122
-15417
91217
53958
77739
-31805
-74420
-65925
-42664
66704
-25966
79454
-59326
27013
28869
-91626
-93101
-92219
-32882
-14658
86433
54925
25445
-49562
-89757
-554
-90125
-88577
-93036
-59509
84371
52845
-4211
68379
2138
-52018
41770
-79486
-67032
26043
42156
-49827
4317
-42805
49487
40430
-29899
36787
-30395
-4677
69688
43128
-60427
8854
-34342
63399
-89239
35854
-13685
36287
87193
-85897
57937
-26851
58401
24863
-40724
-56876
-33430
14059
-27236
-72264
-40366
93670
-66202
73430
72207
11019
27035
53153
-47821
28266
95019
-97406
194
35845
39468
39815
23548
-59880
21665
49383
-3849
-63516
15381
2421
-66741
-27025
-11317
74428
37160
-20068
58198
40238
-19343
48311
55424
-28876
-36656
-64567
23033
-24484
10448
80045
-48539
-949
41407
-83035
-30899
57641
6979
-38127
48084
-88198
-89969
-29181
53147
-59915
-83788
-36506
-37897
-18355
-44874
-35413
-46143
-80700
89408
-75207
28394
72634
24360
-92794
-52183
-89303
-39581
-91445
20219
49128
13519
63893
-91112
92396
78998
86323
8951
-38673
22242
71433
99801
-60328
54931
-76365
9927
-94136
64395
-46789
-37354
49950
6870
-72675
45548
-45760
59886
39957
-14589
88932
69093
35660
5668
-62360
52493
-69347
-79131
34079
68994
58118
-28462
24765
-72017
-73260
-18926
-35575
-99009
-45510
49836
65144
20895
60061
31960
-32500
-37639
-8428
-55796
-72862
25349
72394
83317
-29605
91889
88401
59731
86701
-71253
-45895
-76578
51368
72865
27855
54913
-30685
27635
-44700
90342
-38505
-46500
79274
-14025
-11524
-53677
38890
3272
-62444
90784
-91523
70542
-62010
46515
-129
-76878
-46978
84255
-73069
81745
-14018
-63635
-54005
-143
-26343
-44917
83880
36120
-94629
61166
-39542
30968
-12552
15345
-37155
-72776
-23606
49157
-87016
61096
-16536
-73025
27266
80686
72982
41714
-3739
96293
-27010
-50649
-32814
43200
22123
-96950
-20440
-3965
90295
12958
-49559
77178
80979
-83892
-57298
-1766
49654
91574
-92277
-57810
-85041
-72221
60265
-97609
-60206
-31525
-25824
-53835
63636
75436
68004
76887
72990
26200
83017
-33529
-31662
92126
-2831
11302
67789
5620
-15515
21360
12736
74260
-80631
39273
44611
14541
30996
-42850
43411
-5181
73934
42803
-30306
-57022
844
-63349
17503
-93687
-79186
-82241
38513
41332
-35873
-73235
-20598
53787
-3744
-3028
-62045
-78147
48344
-67273
-356
-71185
-56710
-71663
62548
492
53728
-83923
49341
84178
59929
-14120
8999
97095
-53092
28878
15805
-42446
7848
-29674
11821
76270
53735
31728
-14598
2058
-11247
61113
67087
37489
78209
-12826
17296
10242
41459
46824
-93133
-71965
51628
-35382
100000
-25766
-81047
-17147
-49804
373
73298
-69670
-64140
-26847
42400
47395
34798
70084
47426
-57396
-81850
77416
93439
91161
51263
785
-28601
44140
-78031
59622
-88924
46872
88058
43790
-89569
55578
-75048
-3727
47602
88855
33655
-25121
-38044
-32744
-62310
26286
68604
49159
-56270
-57852
61298
-91497
-3528
88053
1354
31242
56894
81828
92897
-7593
2971
50094
-31057
-16043
-65337
-99001
48843
65205
19088
-24659
85506
-82713
42164
22389
5616
-24231
-75123
29281
-39413
53520
-6569
-70716
-35255
-72506
-44523
72841
-26668
22361
-77909
-24497
-35353
-84474
-39963
-54604
-18884
6996
72188
83552
69098
45912
41847
-11658
-58603
81909
-2180
99318
12145
30629
-4757
35825
58342
43863
-36046
-45724
5141
57795
-5991
-75323
85429
42825
-17594
-78644
70036
97459
-52923
-4847
80221
-18247
57418
-6857
78445
89182
56532
-49248
-8917
4035
46374
69703
-31785
-60632
71124
72601
97097
53334
-4895
-34454
-53186
4778
-81743
-76782
-60119
67356
64480
-34694
-33056
-50951
-6842
-99395
-92712
-9936
50465
45847
66454
38508
-51240
-8414
-96402
15018
-35001
-40997
25915
26168
-21138
24299
-47273
-86128
-82767
79146
-50318
-39715
12562
13343
-42540
97394
-83445
-60769
-6481
-17210
-93548
61670
24941
29014
2380
-13476
39191
-6893
-29255
33922
-18106
27458
40178
79395
-23720
-7962
-10227
96822
69618
-10717
28942
-45782
30114
-55024
33951
-61584
-20082
23836
38260
38241
-77751
14777
50343
10143
-81362
20901
-77927
69096
77878
-57895
62020
-51332
-90120
-78041
-66212
77740
-15587
-37020
-6437
94127
-1927
-39140
72765
-53296
21738
11157
-82184
38955
-53248
17980
-42783
-36315
-87236
-87392
16752
-83583
52127
-44676
-81166
-2159
1190
76173
64794
25159
-74505
21334
4858
48140
-28593
-35705
75652
-67971
84538
80436
99694
-93103
-90204
24790
-70804
58285
87585
-86894
1005
-92018
86766
43955
78014
78631
-63242
-80199
79224
-75910
-10408
82689
57794
-84411
-62386
-42082
-77067
73810
-80338
24505
22836
-81780
-96989
-14302
-55235
9271
-86724
8680
89324
40624
-78856
38307
-1574
16033
-23171
-99440
8640
80109
19377
45336
57563
-70343
-28436
7193
-44803
61375
73116
-55859
-4252
-31813
82231
96039
37874
7158
21322
5287
-68295
-57676
77944
-88249
-99505
1333
60528
4288
-79219
-80786
-16825
41933
-53560
81329
9339
-16255
-61484
-1177
-7060
-61611
49000
18636
71156
-86670
62479
89394
-38815
-99533
96918
97384
-10347
41068
-57510
49859
40335
-99624
-41482
14976
-83094
49078
89671
-27399
-46639
-55226
-93822
19655
-26382
86249
72510
-5018
-24490
34198
79880
-44659
-43423
35910
-15916
49709
-3797
54202
81200
-55197
44207
35521
7148
28736
-69326
-8239
-97228
42328
-88723
-91865
-83884
-27240
-11346
33530
-89779
14718
40002
-97214
-31171
-17831
35271
-32080
-19463
-44803
82273
-31710
-87877
-14819
-84456
43901
40747
-21579
87358
45379
-27869
-80318
-936
65407
-18017
32701
77114
15769
28933
-55463
-51909
53162
84367
-6842
-72062
-13752
66475
19660
74395
26160
85676
-22302
47068
-24152
-83085
69140
33474
68890
65198
70130
-44388
63040
-30455
-44460
-21545
9090
-80176
51103
70198
-81155
14701
50825
89902
78230
-5502
-546
-93810
85698
-1786
63843
12911
45438
85578
-12068
17156
32917
-45809
-40215
95122
-73742
-84768
-54809
-68174
24106
-65629
-45959
12538
92869
13466
27188
12976
-58679
-36043
53977
13191
-77560
-94110
-18910
22684
6569
-71843
11894
-34065
-94254
-87872
44557
-98752
-500
43327
47074
35604
-39040
29691
-23201
3844
44218
17300
1636
58382
84911
22914
-19331
46597
-33385
-88742
51635
-4741
-36896
55899
76658
-22877
48684
74825
46660
44187
-29583
-7158
-16994
-67141
-69799
76468
29954
-3034
-97685
-60705
54426
-46750
-94833
43581
-94037
53495
44390
99648
63992
-85093
38199
-92205
-96670
-84804
-63141
38940
-85955
21164
-8702
-38832
-98173
-6634
19129
19869
-93965
-36283
39730
16751
-26046
64669
-6839
29455
72757
-76985
-31737
-25837
-18076
-86381
-29388
-20714
-51417
-71661
66117
67396
97238
96843
-50527
5085
87099
30287
52022
-53752
46168
16541
-32870
-35331
40612
18479
-42506
84353
-48780
-34803
83896
33539
-14948
87220
56503
4620
-88072
-21751
-92711
-32706
67826
62263
-21129
-11431
71315
21059
-45921
-51849
34020
48852
52797
1716
-48789
60092
-12230
-95993
59282
30815
86029
-53902
-95363
75191
36178
-14096
-71896
-35095
-86796
-5944
76141
85357
-53704
22612
-48582
34218
95629
40540
-47167
-16683
-29872
5669
-8439
-89019
49140
-63781
-86518
-81398
-2854
54326
-99490
39215
97395
-89316
48877
93213
-50548
42348
6466
47276
-84208
-64072
-72277
-96522
10745
-30875
-43314
52716
-45029
-40972
-71229
95928
15671
56529
-20467
22253
-52322
10254
12954
36045
-91685
57476
-17254
-20107
13526
14607
-9427
28520
-42855
93685
36367
19647
18010
-3365
7503
94024
-34137
53258
-64240
31912
-89614
-33727
-66342
93007
40063
20428
55494
57106
54340
62098
40826
-70936
-29164
79203
-46377
-51280
78086
3895
-52459
-74634
-43864
9960
72666
-47349
-86863
36515
89902
-55436
45498
-44393
13337
29074
61507
72300
-63906
-16988
73570
-74415
-33447
89511
-93118
70587
-64096
-45509
-2929
47133
-48835
76304
88494
-19341
-48910
6848
-88949
87941
-58562
94345
19716
-15703
-59676
-14741
-74749
-73455
-98645
45585
-93109
72911
30232
-35465
85626
47392
21027
-16741
-90025
42722
55540
-97850
52912
-30825
39984
-16469
-31562
3569
-96135
3323
61463
91832
74823
70354
29477
19092
-99563
-45201
-88829
-20454
90247
-20585
-5215
10589
-99007
32058
-39203
-7916
97613
66649
-63458
44352
25465
36092
-90990
1638
-18948
-49424
-39024
-11170
-40249
13750
51290
60117
-86746
34477
88027
70244
34504
11161
63324
-3793
-72661
-10328
13744
-35177
-73166
76480
51480
-40317
-49089
-70345
-68679
-47619
12377
58596
16444
34528
-1561
5588
48856
-9172
-8388
86092
-78680
41588
97149
-19480
-42652
6317
-14507
-33728
76523
10294
-82050
77102
56665
-36764
61143
64665
-21656
-98391
-21387
-24174
38187
-44476
-57652
97820
74670
-67204
-14087
93437
-24717
96649
-89472
79845
-29816
71782
64984
65748
-1877
23158
34541
-47082
-51798
93764
-65891
23451
40055
255
-62551
-36736
-63542
87374
-37394
43802
59140
-99523
-77811
-43451
32872
-43224
-95744
-51051
-29370
86974
-40469
-94006
96143
1988
-30946
5911
-93010
-73653
66591
-15453
-2517
-14764
80509
53406
40286
73562
73688
82178
42078
95110
87313
56056
-20205
56079
1723
-2229
79562
44530
-80560
-25811
-75274
-19522
-45621
-25494
-63494
-13267
-14751
-54380
-34268
72642
33580
-10997
-31186
-33876
54367
77616
-91254
33568
-2709
-37507
-50059
23504
-77056
34683
-65994
74925
55064
-97796
-81362
96436
-56163
14367
53879
-26827
8267
18442
41661
23036
82226
-72848
16853
38835
-1528
-95270
58500
-75566
76633
-42198
59311
38509
97988
-30313
57836
-45967
50121
4963
-79728
-74387
-20574
7207
24386
32040
-92855
8203
48282
-73109
-1241
45052
66911
97423
51254
-27634
-65559
9520
-63070
-95235
14536
56670
64959
48498
25960
24035
50972
-5829
-3563
88448
-68900
-30878
77008
41283
37702
-78623
97344
31101
51055
90420
25560
-77544
-77806
-57948
71300
-23033
54542
-79942
27253
59457
98613
87352
37290
47635
-98105
-46738
-81672
-58680
57261
-32851
22903
-56639
-52105
-48030
93014
-82969
-83276
-22734
-61038
54759
-1688
4862
-31735
-29586
-11447
98454
-74715
-50539
-17267
48947
-73840
27197
92280
-87026
-25804
-15339
-48131
-84096
95149
17598
-67186
15344
-6050
86910
85575
21462
-99039
-48216
-26256
27529
40123
72547
-57438
-79104
42500
-21745
10838
-53204
-25657
1613
-59028
72133
11237
93724
63932
-37478
-53641
-20203
-61300
2858
-6027
-43165
-76160
38070
-40486
-73928
20612
-55343
81134
65495
91154
75101
31079
-12212
-8148
71663
-56446
-48636
-12232
37439
81520
90756
11075
37010
10215
-50540
81103
-21215
21003
56070
-9862
-14252
-79254
66753
-8775
31762
25763
-53747
14254
-13411
24155
29712
-35803
73850
-57190
-35028
75989
62110
-18956
3447
-75139
-31806
-81637
-52073
50402
31736
98179
71847
68598
-51479
-11401
9646
-74352
73975
-40345
46258
26988
69707
-68590
17862
16150
-96481
-96760
76424
75703
-53037
-50946
-24361
26296
-56414
-55065
-53289
67509
47609
-83864
-69191
69865
-11931
53508
74740
60140
-89869
-60245
45133
53189
-59681
21942
77968
35799
-46215
-52978
36121
-64773
97771
91475
48247
79265
-11267
-39854
-64213
-14388
54249
84104
-56368
-45587
807
-37875
-58201
31730
-72375
-13103
66562
83228
42229
74331
21738
-95346
-18436
18181
-46647
-53536
-90566
-52148
-52838
-85459
-36274
61930
-51292
-57561
24581
39980
-95041
-46370
94621
51080
-39645
-4143
-71188
84265
-3528
31148
-95959
-26198
19985
93366
-57427
92800
-52651
-48952
-64266
8664
9254
29068
-88437
-26928
-28388
-86813
-53353
12249
24721
1601
95179
-30425
-76909
40423
78329
26592
61095
-77378
75096
-46428
98161
80481
67640
8187
65035
-46410
28445
-34616
16120
-19499
90487
90281
-9252
-53114
-50743
-25550
83814
-76192
-97123
-3996
-9235
25383
-65616
42860
-5523
39052
70964
39234
-74158
-66537
66000
81319
53759
-79307
-14285
23410
9391
98204
-62714
-42758
10768
66862
-64764
-5989
36669
76771
89485
67213
-89706
-29999
-34565
-68676
3004
-10883
82878
76548
15668
-42738
93089
10939
35675
35967
-24879
75693
-30607
-94274
83802
-47650
87421
19665
12384
-99535
27951
-20168
70358
-49264
5913
-81132
14078
-7515
66889
-59336
91979
-3747
92640
-83129
-11980
94460
-53521
40762
68772
-56521
6386
37352
13652
-20025
49438
28183
-82603
57551
-76291
-58635
-7924
-28241
23898
8342
-28354
71756
-65084
94963
-12027
66998
-23731
37435
35470
-99353
-98993
69357
-16582
-40398
28174
-56314
96889
-11383
-91289
-32055
79456
24456
-36039
4112
-87349
-60923
-95557
-42627
58489
81961
-61735
-34089
61864
219
-87197
-67689
67670
47623
94511
-44726
-28727
-69529
49434
-18633
59118
57985
28962
30324
-50895
52199
-20330
13870
-51640
32394
-21219
86652
-18631
77241
-39158
5805
-20268
-41764
45006
-17728
-58010
95684
-587
-62874
-99623
30971
21744
-4859
-79802
97815
4859
-16514
65702
46161
15409
15398
-84301
-61984
-31792
1191
13141
-13470
-85104
45352
-51315
38806
41527
64278
44829
-68748
-54707
68963
-66566
24687
99227
-15438
9197
-82117
-97320
74465
33021
-73894
-83804
-82226
-82012
-32518
87230
-80928
98626
-92961
-34761
66977
78375
-46295
-85583
-29255
83031
-32795
25246
18663
52788
97431
60348
56345
-31306
-5693
76566
-77065
13637
-38900
94090
-55898
55265
42513
-893
11079
-39294
-92608
35245
-79209
60948
68773
-83381
99860
36755
-93414
9730
-25757
27864
-4291
-61805
-1953
86020
-69646
-16782
6550
2179
-3053
79352
2464
50867
5432
83044
28700
64037
-34949
-1022
-26312
-97643
11417
35519
-72027
-69919
-97734
71185
65929
19461
41891
97360
-74634
75964
-62355
90963
15724
84066
-72281
-48123
-101
72086
-22421
57605
-51044
-71760
52446
48797
-57577
-22495
64706
91194
99252
-93400
82357
27298
57188
34160
-72987
83192
43080
45690
-3092
59248
-237
-54921
75476
-43069
-3206
72205
-93596
57006
-91648
68229
51058
-82346
-29690
42671
-42522
81980
-7912
-68374
85429
62643
-30656
95797
-23339
-15659
35693
-40563
-66675
32938
28783
-31429
76168
93338
32933
43669
-37223
10339
26337
-41300
99067
-87451
98928
50706
-92120
-20076
65911
63950
38083
16392
-70792
-17613
50234
48539
75542
-80015
-64566
72051
36640
82895
-27103
-5245
-90940
80736
-94499
21590
62930
-7643
-71410
77826
-64475
-11191
49528
91821
-4546
-72372
-44995
-27792
39690
-68337
-15882
-98121
-24794
84474
-1729
69785
-36621
20766
72281
71944
-41206
36940
-53338
-56843
-92565
-54623
-89720
39126
-321
54929
-84502
-55170
-84923
-11237
18867
-41475
19683
-96525
-54325
-53523
-85334
86912
77057
31600
-28384
-47874
-56883
-85326
75990
-89702
42765
-41357
-76938
-7076
21957
54166
-62393
11444
51174
65463
-85827
6283
-90194
-91549
-36176
-8395
-33638
-25457
23081
-4154
-6805
10075
52079
-98567
-35155
-3165
-62104
35644
-93685
-55586
-42048
45294
-97618
89806
-55620
1362
92665
-50800
62605
-13331
-76845
55998
-1929
-76684
33789
21196
-74969
72398
-21670
14154
14937
-13303
48150
-50483
99576
-69978
89378
-24147
23448
71348
-82300
48280
-14293
-37022
-49247
-98395
7079
70752
-98759
-26895
-72837
-92958
30794
-6086
18847
45993
69097
-49838
21095
76710
-88760
28524
-75845
-33048
-17712
92833
-97044
-7538
40727
-91471
50104
-46229
59801
-77182
-5342
92463
-51415
-35830
-10133
-50141
-1244
52736
-8019
-24291
-79069
98417
66493
-40085
-40257
-72870
-25255
94807
67450
-48797
36921
6737
-71211
94493
-7204
7674
9551
-68143
42338
34110
73520
-39361
-85169
15129
17832
-78652
-34765
-37658
-39631
-3297
56365
-11244
42036
-28931
-67776
53145
-65442
-68965
-95162
48696
42377
75853
-99644
-39154
80925
88690
-64514
44090
-97152
-56402
-37972
-55503
-59443
85630
2876
91507
33697
51304
99661
90989
63183
23839
12432
-60022
516
84655
-97673
23518
85322
-63447
7671
49925
64981
64124
5565
-51879
34859
82884
-13836
-19109
-30961
-9776
62089
-15006
6903
88533
-48636
19069
85539
82199
59123
68205
-20061
79100
-97055
48198
95764
18703
-63720
77636
10844
73699
3584
14034
-53390
-28859
26586
-96798
86552
-41109
9616
28358
-12047
40655
-43255
50925
46078
25442
6694
-27728
-61665
56557
-51753
8031
-18547
80256
-56903
-90478
21351
30753
12485
40932
-11199
-52468
-62720
6821
35915
-13976
81940
-96284
18517
-5267
44093
66551
-24517
6598
78850
-4320
-12768
23405
-32303
97072
-31640
-97514
88805
52516
-44775
-248
-84416
-84925
-18864
-9456
-99669
90795
-80755
52560
-32706
-3779
-72069
-45694
47226
-89734
-55791
70179
99169
-80807
77989
-86095
49817
6853
55789
73480
29183
-35566
-93832
-44090
-92896
-14514
-42200
84076
-41965
-2706
30655
83620
25161
-24500
93355
16963
36241
63625
-26283
44224
88402
-15610
98423
61290
85153
-97286
31350
9046
29455
14547
-72959
-30406
97430
-74222
47017
-1142
-83817
65514
-47086
92484
-98086
-60967
10794
38923
-73984
-82814
-25306
42974
69796
-60966
-67059
18095
61010
21621
-54724
65342
4734
56766
-79674
-73077
39182
-39213
-15794
96088
-29248
-68597
-26971
-88939
33003
78693
80206
-94173
-49721
-89142
10444
-8829
17838
-58851
-23763
5541
-63345
-47994
69143
-64305
85238
-68063
31766
91571
-12181
-1333
26618
33733
-30660
6496
69336
-98415
-50095
-92963
61343
77440
-21684
25203
97689
88281
68578
11282
-23838
-2808
14011
-19167
91765
-63374
6907
-4996
-57820
-76311
45291
-89130
52432
12578
-40987
4219
-79743
94254
63181
90653
28160
77037
36375
-74450
19507
10282
17689
31857
95843
-23058
-22026
24239
-36942
-58684
80772
-71269
-68385
50654
19721
-46130
13362
70371
-35304
38808
-49734
-26974
-72067
35887
97616
-91667
-68156
77531
-9162
-55709
40236
-8667
58782
-6802
-26574
55577
98524
57682
-99249
41440
-80449
86707
41486
52212
30579
88823
-78380
-75335
-82043
-86586
66975
-67501
15135
25893
-71117
-38635
-40471
88574
62410
-93544
-2787
-76679
35347
43837
86373
63575
-33977
86437
-63257
26786
12159
-11889
80955
29911
22818
-31025
-92381
-95792
-73256
49941
50533
39381
95729
-45110
-62469
-74093
-15162
79856
93191
-31407
7466
-94037
19915
2977
25841
58818
-58908
16440
76920
65750
83348
-26474
-45500
82428
34776
27087
82705
-82943
-56081
78738
-65681
-77573
28556
-83973
-22233
44977
86551
-61321
-39774
2539
64559
81919
-54651
50852
-89638
34728
14323
26356
-32987
8393
-3579
25460
42273
-52911
-59439
81976
28990
-37387
99821
89928
-80296
-43682
-99292
51384
-84592
69741
5907
-48275
77365
-51657
-64859
-16160
-44352
-98118
-61429
-32436
74840
-46308
61126
-61608
-67436
65857
-24187
-93618
98282
-20549
-69213
-22795
-8032
-93359
-36636
79333
-73502
66387
44765
7969
68080
55873
-78916
72269
-78361
-86012
-47638
71453
44004
-46049
57103
38936
93358
27050
-71411
-38025
79660
55235
-8687
80370
-87095
45446
-32197
-46700
-12740
-21743
-18329
-30243
48825
-6134
89121
-51596
22093
23400
-43317
-46178
-11692
-84958
-63976
-72449
98477
65035
20979
-51535
-11011
38132
-81975
14328
84787
-25246
47999
51316
-72708
97218
26160
-48764
-53485
5554
76172
82093
10245
65426
54811
-19966
87831
-21753
-86667
-98160
65973
4749
-7520
91753
-89194
-79924
-91995
-68049
-35841
69595
-22507
33748
-97501
61768
9506
88174
14344
-58270
-91204
-68077
75908
-40652
-38083
-46892
-49726
67448
-56833
63836
52919
-44739
-31306
63905
-80342
-53253
48497
80896
37461
-32885
48809
-75618
97444
79569
-83570
20323
-8096
86561
-37551
58880
-48783
45769
43689
48928
-67680
66891
54378
-12888
-37490
16734
56744
-30005
79769
54509
8754
35508
-30746
-25649
5012
20697
-62362
-95582
6930
95098
-85183
-31841
-63066
-67252
-64329
-8003
-8229
21137
96022
-41580
12613
4596
-28291
8090
-99458
62231
-74142
-51110
-9412
-91001
-39180
94304
-77746
-15017
-75336
-53399
-1863
99560
75009
-70891
-24276
-65774
-33093
59413
-44319
-79046
58362
-84464
-59173
29712
-72163
-57281
-59818
65392
-66385
-29618
51703
39499
-50469
-94168
87958
57247
-61522
1195
-16643
86582
54461
-42324
13109
-3458
75695
37949
85357
-16187
65028
25621
15026
-42438
-70920
-50561
-10690
65741
-11621
-43582
-25489
80329
18602
-7260
-85260
71962
-55521
2573
-6456
56092
51117
-1432
12867
46388
-80477
11806
90486
70398
-33462
-36914
-18650
69179
1562
-42223
45516
31196
-51350
6388
61904
44899
66075
8424
53384
-10387
-49249
28584
33547
63593
86357
-90953
-92595
34113
-61789
-95236
21877
57608
37359
52756
-9365
-42358
12737
41923
-10799
91343
61368
-42510
-78338
-69789
-2301
-40989
21448
6059
44456
49113
-67515
30938
-43100
-68061
-22273
25503
53090
-15381
79552
-70120
46260
-68623
19507
68080
-71808
-14905
80286
-11966
-3355
-86100
90009
77297
57758
-95614
46771
42219
-23562
97731
-49537
-68780
20128
-94519
-56196
21391
22580
20040
-1093
52678
-271
97846
-6379
49400
88924
46542
85794
84380
-43848
11947
-97621
12825
-53347
-54848
79842
68492
49427
50771
33598
-75510
58338
-45781
83614
76142
42547
74439
-12058
56754
39137
65546
-33553
-29114
2836
77119
47553
30763
61249
77634
-18166
70281
94742
-57948
-23113
19297
-78022
96242
-98019
-29439
-74739
-87678
-72424
-88625
-73080
90045
49877
21480
31396
72040
69350
-46866
-30391
-41020
72817
75724
-46886
36131
44956
47646
6851
-32657
75196
-34244
-22760
-11817
45263
-79094
66992
73884
73262
40251
88598
-70695
-75287
-1057
38120
-7155
-31647
-44960
-65157
69474
7827
94527
-68513
-93138
-98068
9638
22129
-24513
19080
22923
-85346
-16376
-15530
69463
66106
-50832
68313
-20522
-22406
-23610
-99535
-71082
-18921
-97773
91661
16610
73331
-10088
-81130
-28971
-29601
8945
-81977
-52979
-67806
-25464
63220
-20162
94366
-74093
93326
53655
98878
58622
-21037
-20276
13410
97001
2608
-64112
-56569
-19802
-92778
-14928
35565
1019
-8494
-39386
-1535
-24417
4333
-33187
-42011
-62780
-28712
13854
-84446
-98398
32227
34415
-29766
-76671
22857
-27180
17173
-75727
37759
85163
-72956
1510
-95769
-12141
82750
56080
23201
-61439
94932
2758
68905
-35049
-59705
-43725
-9544
59608
80650
68725
4500
-34421
-55474
8686
71289
-9643
16476
21155
-30408
-32675
53016
85065
-58581
56855
77243
89720
66943
28940
59865
-72419
-47114
-75364
15448
94143
99696
30008
-25299
18163
30638
21919
38647
-62985
17845
13273
-97285
-91142
-19199
-31830
-63982
-38689
30988
83888
-54005
-37270
39727
-82598
-17142
89376
-48716
70755
24791
-18215
-83724
65168
9298
51504
-45431
-63092
-99356
-95207
-37654
58532
-99865
48398
-27190
53006
22197
-2487
37688
-88539
75494
-28575
79374
45416
26627
69614
-59459
-21580
59289
-73234
84362
-68534
75012
-85625
-76195
-95541
30343
-73974
-15432
-45225
10217
73774
-8465
-80749
27482
-57357
-41720
-18642
10046
-53045
-58769
-50691
87074
78192
74287
-82913
-83318
-99484
-73897
72991
83577
-67451
45017
95761
-2349
-78604
-7514
65534
-66810
45549
50614
-35196
71727
-95904
87802
97545
-6228
62048
-16574
-77375
-73155
-85066
1906
58054
-25764
44904
-62871
94032
59304
-50068
83754
5633
-58102
-69092
-1058
35413
901
11805
36777
-72041
-59259
63243
-66910
52400
10677
-62159
70559
6336
80720
-44318
37900
-24397
-46005
-14507
-67242
-75669
60681
83397
-75664
-37300
-80091
64883
-99621
30927
-64099
-98040
69528
-19109
49252
-29544
79238
52351
-70132
-20651
45524
-7636
-55993
-52853
94540
50904
6900
-5558
68903
-78280
55901
31844
45676
-90502
6384
15427
-16212
4066
-65752
12244
-92079
93905
83499
-44631
-25708
85263
4568
-56525
-20662
-47108
-11074
90449
-8826
-25498
-46925
-95146
-56975
70810
54270
53647
13392
64362
-38396
72007
80693
47864
-2962
95303
-96536
3329
-77813
-35038
31576
-44373
-23426
60663
14911
-99695
-472
-3585
-1694
-58969
-30939
74020
20745
94439
-16617
-72237
1079
43551
-6271
-7305
-10065
58048
56266
-87227
-84070
-67462
-27733
90238
54672
-88554
60503
15151
58750
-7454
-55099
-9309
16596
-821
-76794
19644
-30160
-29164
59737
75071
65807
-23915
74052
40942
-49008
-1940
81187
-34860
63820
29555
-56106
39273
-64042
-20779
97490
19530
-13717
-79638
-1687
-2878
38346
-21878
-73634
26628
-62463
-653
-10712
-67042
36543
60997
-21940
-93275
-88088
-51040
-13003
70300
-56658
54075
-85479
92245
-91035
-21947
749
17219
-97153
47903
60083
76207
46048
95634
47345
-95220
94967
-1495
-84966
79752
56697
37545
47878
63776
99316
-22380
85450
-55283
-51408
31567
38124
57898
-2010
84463
17930
93173
-57694
-66851
-74115
70967
-56431
-77212
-16141
-63363
-66336
41442
11714
-24007
26327
82801
12103
39737
-16307
5582
75580
36816
-44631
-32900
13831
5922
-24746
-56176
79375
64311
95364
-94635
79559
92111
-73943
80675
7727
-23915
-66125
5272
39786
-18964
29689
64834
62678
-70626
61444
13716
51047
48548
50650
-97388
-29409
-67601
51178
52238
-10126
92286
39206
6092
44688
86324
-80506
56790
42172
-40739
-71189
94910
8180
51108
-50271
36079
5826
-86122
-76903
-90767
20983
31389
-78683
69776
-22658
16423
-42539
29973
-41364
280
56678
-98029
-88738
11839
-585
-29821
45016
21503
33449
-58846
21497
56285
-57884
95112
-79915
53448
-29531
-94407
-8517
44179
80191
78910
-35101
-26821
-79225
-4543
-56374
24990
-11938
-21690
39926
55485
21750
42807
85228
94699
-88692
-92463
-21399
-96978
54030
74387
83480
76413
37265
-80076
90550
-55990
62472
77109
-88588
-22132
-25052
75765
-64920
29992
-89164
3631
-65310
-32598
-12525
87162
-86790
-32591
-54650
-24502
8889
-79909
34667
10382
30056
98259
26438
-20739
87656
-60451
52217
14487
14585
8409
33055
37448
88122
-54929
-12405
-79078
-35456
-64594
-45809
-40677
14172
-64301
-11810
89167
-18095
-1442
-71858
20040
-71124
-58706
84018
67323
91686
97182
-55590
46024
69392
-37627
99006
32481
77054
12797
-65024
-44774
49307
-7068
24403
50264
-88949
59804
74112
-33396
78322
-78
-43340
-70488
87421
-44695
-35218
-71535
-78544
31126
78145
42812
19346
-38554
-64945
-28504
-46483
31065
-40720
-122
-30345
15311
-64760
88825
53962
-52873
-60773
-33667
-60973
-74210
43580
89753
-53035
-16265
29535
-11503
-6205
93658
-56148
-13647
88009
20855
75603
6318
26602
87600
-55291
-46580
39026
-43927
64538
88047
-43698
19469
13556
79927
-99383
-64215
46347
50296
22717
-99280
2456
61288
71620
-61141
51921
32373
-84502
-57831
48398
75170
-19244
90946
-74146
-13450
59480
47072
-68090
75647
21334
-58053
-33670
68739
-95995
-3737
-5824
11808
-92527
-91631
57897
-48493
27563
-24575
-57387
-51502
81307
65234
66858
51375
-60178
40464
23866
-80944
15551
-89551
38142
-96302
-27591
-36228
-46984
41758
-83867
-8680
-91179
57873
42864
-70573
61142
-85302
-35157
69025
-53178
-50761
-90375
-44616
-88701
27239
4190
-52417
39189
-62554
-6283
66595
438
60706
11573
-97345
-64291
72307
-85450
69177
-75625
-26475
-81463
34371
-16022
93938
-73039
-92199
-70056
99266
91682
-74610
-22468
525
92669
20680
19764
38960
71976
28329
37105
88858
51916
55708
69878
-93687
-84983
-66945
51711
-9931
19340
-26911
34917
11096
18679
36694
36373
23896
39101
-41687
64024
31635
38684
16725
-96771
26494
-5773
49891
70844
59019
32709
48967
33741
-91456
6612
67789
-72370
76442
41813
-75302
52009
-92444
35299
50818
61972
38119
-23998
97910
55994
86554
-30125
41024
-10419
86134
-53543
97616
-73170
97652
-75785
7575
53977
4353
-62231
-28852
98674
-26595
79274
-34968
47760
73410
21860
9815
-10725
77349
3969
48040
-32728
-16844
-72444
66295
36238
-49473
88204
96961
-28178
-11584
54935
95041
-23088
47382
-75359
59889
-47343
-77233
-11318
-21883
12794
-86992
-86674
2511
92580
-58837
17185
-27338
90676
-66288
-30224
2178
50888
39176
90373
-71214
87969
-12457
-97493
96288
-8623
22819
13040
80554
1501
-89727
85266
56439
-62894
24118
-5311
54282
-46149
-84772
-95996
-68292
88911
68150
-19052
-51004
74545
84898
84319
-61551
-59731
-81173
-90403
-15728
14486
-77129
9379
17054
-61602
49153
75245
13159
46029
-86653
72653
47480
-98572
11989
-49465
71557
93267
-13495
-11711
-54245
-92937
-27134
37435
-93289
-82355
-57174
38367
-59118
-29017
-59180
5253
-30073
69383
29732
30424
77614
-67377
47210
56230
-426
-12046
31115
53516
10638
44089
-83757
-73660
-15909
35514
61469
91762
-69207
-94743
52323
40536
-49230
55942
-1939
88252
-46816
58441
-70132
76978
-59075
-41501
-37916
94693
97215
-30310
22890
85698
69037
3815
-4182
-91984
96709
-74523
-69406
33634
-2059
-92489
-59592
-60466
-37914
4741
-97549
11707
27422
94356
24347
1942
-12803
-18497
36451
13952
-97289
-82171
46349
90208
32684
-89932
3415
97973
18469
-97272
11682
94425
30303
78605
-63057
-15757
2190
77196
-28855
17137
8898
-76742
-35316
45544
64749
-67963
56848
68691
-5070
72233
-83012
-42618
71513
24044
-35251
-19872
62029
-62620
-37395
95996
-99788
10298
-86937
7397
84061
15628
-98338
-12297
-45579
97112
86562
10266
-9040
-82073
-86895
59892
18975
-71524
-16501
67765
27091
-86377
-60208
85867
99399
1854
99066
-51631
75387
-30425
-8481
60913
983
34629
-18011
63211
-86841
-34400
-44525
37629
29824
-54375
90257
40777
-33715
1487
35296
99899
63791
-83561
12208
82303
45218
-10600
-75900
-31868
71814
11022
98850
80759
15087
-82270
28363
-56687
-17544
73949
-3336
-46574
52874
-26499
53112
44987
25388
-83407
-60838
-50070
59787
58185
-25148
-92972
58142
33671
14059
-38239
-82386
13157
-3520
74728
-35119
-95806
-57683
-17436
-13418
-38435
-95212
-3132
-74123
-43269
-13941
87259
-7392
-91416
77626
-8091
-80556
-33463
-15722
-89448
-16454
-23350
44126
34757
-55834
74496
80632
5465
-42306
59262
-85057
18582
58734
-12492
-40785
-31494
-28177
-59386
44673
-89051
35557
68514
-61422
46108
-57969
17480
-29010
85148
77284
-35965
-41695
-49922
-8812
-7780
-96528
-33315
30969
-47525
78319
51436
-44143
69320
65987
51589
-10518
59321
97096
26836
18608
-18399
-48012
79547
26376
33184
-53252
-68313
35824
-4094
-56669
41775
96986
-28944
-89634
-30635
-44935
20033
6895
-77460
-91740
-68419
-26514
20308
65570
-3491
-71536
13283
-34140
-91832
37564
36827
68390
87669
74052
21629
95848
-70989
-86565
-27094
-96706
58151
6676
-22317
-31629
14295
69391
-2021
-31538
-85288
20761
-78643
39056
-8589
-54857
70856
51526
12681
-23995
-94962
37737
-17661
51439
-11341
5024
-6709
99654
-88283
-18484
18711
-56469
-43579
-89251
73272
-7805
38037
84944
-60146
49833
-49128
-39465
-92177
-51150
18710
-29839
-93416
-44098
-1333
-45168
91175
-84100
47582
-81817
-56951
-49431
-64856
44706
-79744
-71469
23891
11397
-92793
-53040
-83323
-73225
-19594
-45904
-95368
26869
96418
-61458
-50568
-16259
-39481
-55359
-7108
23819
55893
92576
-89683
31390
16724
32079
-73688
24294
86683
-69115
-10971
5870
69091
14508
88660
44425
-19303
60925
-87964
2081
-17975
-17863
65761
-91109
84985
72500
-39890
87730
-38865
85283
87154
22029
76385
-43812
-82690
52348
-44251
-66406
-66911
68598
31232
91590
-37953
21354
-31821
60918
80725
-41579
27483
-14105
-83055
-18540
-8394
9682
19101
34432
55017
67252
89463
-73295
-18612
57168
74133
97215
-10349
70292
-60736
-372
57039
-21854
-36874
31658
-57044
-8676
92503
-85440
1442
-50152
32346
92141
-81546
-30423
-85831
81388
-97024
85232
-24135
80180
75376
9973
-5271
-43878
-10274
15406
-85199
-31290
26727
97497
-4097
-27850
96029
-36451
60326
51392
44970
-68761
95582
64035
52639
-60634
-88570
-69887
11081
40702
44068
-27573
-64224
49752
33237
-29446
52673
-20655
-89808
39697
-31357
26095
-70929
-4790
-52787
71676
-40804
-82374
94175
-96944
-12266
-79003
78125
-72857
-67840
2705
-40329
-66609
-99053
-74987
70478
93267
-48398
-4841
2875
-93836
52202
-163
-22399
-97344
67567
70959
-1524
17434
-24780
87861
47744
66961
24539
88305
97123
25050
21275
84843
60106
-39260
-26529
-39269
-36237
41493
49364
-40281
54433
59372
-24271
78512
-6039
75023
5659
12845
-58536
93233
-6423
-27452
45432
-96754
12801
-3588
-50391
-81697
99359
21655
8613
49641
73852
-5458
-11365
92206
-42901
7635
-83690
-28451
13964
-34290
91351
47908
41836
-57290
-92671
61792
94743
-5193
24250
60211
31908
-77651
-33276
-97667
-9087
-44693
58474
93410
82947
-47944
-86200
-90440
-73988
-66695
-62530
-40351
71224
-26525
37222
44852
-29425
-28700
54320
53330
11975
-23429
-7671
89832
80790
-76835
-91605
73991
-42150
24376
13319
-33792
-79337
-81222
85839
-52054
-61761
-9333
64544
-51000
43696
40080
-51520
-19464
-22932
45953
-59391
-12933
97277
11690
25232
-21548
78228
38284
-43286
11385
-52368
-48214
92648
63578
-77914
-28197
-85764
-82420
-65408
-5343
31745
76574
-64038
23834
70287
99082
-5228
99035
-94758
25001
-51501
30396
-76142
25118
-56912
46909
29302
15511
12698
43583
48886
-68142
14914
-2606
11854
99685
-58032
7354
95421
-93858
66474
61047
16560
-99978
-36048
-51875
2961
-97175
63184
78521
-23674
48137
-53315
88436
20743
-78547
9247
2336
-98648
61364
52064
-60392
-61050
-47995
-88785
7497
-6042
-59821
64310
-86449
-65934
-312
30267
-59088
-18409
75396
-45834
-71429
2297
-92587
68787
-10431
-77189
21633
-75012
96117
52678
47792
-34307
48897
50358
-13916
-6051
-6422
87296
86518
-92302
-68455
-63221
9303
-35496
19142
-60386
-80408
15799
-3879
-15955
-79156
33198
7750
72101
79582
72259
14828
-60783
4159
99722
2806
37205
-97450
-53883
-59695
63858
-35269
-31688
84918
-22756
57560
62570
-19337
-24363
-25972
54305
23264
-89545
-94722
-88483
90480
-84638
97064
-82463
-42027
-43382
-20166
-18741
33991
92050
-86943
-88514
78700
64483
-37592
1456
-99196
66548
34496
-25488
-77166
90548
-64513
29336
42633
47172
36006
-61545
48716
-42451
-74675
629
31536
13790
-15551
-26010
-92050
39113
46235
-74839
39304
-62155
-49964
61150
8200
3544
-27493
-14754
-91757
10446
35749
6332
-18653
9391
-25482
-30828
-53392
31821
64461
41328
90281
-73895
45187
-59128
-16530
-67918
-20580
-25854
-29740
53618
-6549
29165
88931
38481
3491
71479
-57329
-15925
-72083
-30462
19385
70861
-47087
34296
-25358
-37352
-90282
88351
-79580
-31734
-16252
-66080
-46659
-43979
-78642
5453
20618
46225
-68029
65813
18786
69931
81332
68166
-46587
16083
68453
35130
-79096
-19684
-58606
-15678
82754
86789
-81555
14051
21889
29016
8412
67181
71342
-92010
23437
-6851
-64882
-96741
97484
-18826
-79815
61642
-67599
-14822
-30028
56476
47553
-52719
-62229
-24195
13553
-46167
-53645
-51810
1809
68969
2300
10757
23507
-67982
-66729
17438
-29301
-60538
-53971
99766
-88678
91225
50140
84424
53481
-89399
39349
-62088
-74866
25574
-2600
3134
62394
51036
-94280
20546
5499
-49399
63486
85132
-27078
34144
2093
-68067
-11002
-65089
-30338
-27400
48687
30145
39041
61707
-80680
-50801
-40340
-7533
710
74764
-20074
-36757
33310
-85961
95426
5256
60451
60097
33958
-21008
54117
-48537
-88226
52140
-99689
-33946
22054
-29160
7681
-67191
-51501
-89239
-31224
77538
-29034
86588
-41136
-16447
56659
19414
-53134
10738
-9205
70319
-95913
38992
-16151
-64086
4283
53046
16589
-94212
43896
46288
74643
-47960
12401
-79901
30197
-79826
9963
-21911
84481
61153
-84403
-92926
41464
28
57830
-51717
-96118
30894
-78243
90650
-1728
23733
5860
58349
66572
3903
-40469
-49926
-26196
77200
28587
96868
-35755
15261
-51873
56733
53232
98926
-65984
-31629
-25273
6238
32386
69739
56323
42281
7973
-8697
76301
-73701
-35496
20217
63504
26451
92185
-52953
99938
-62979
5068
85502
79574
13
-41904
69853
-97682
-2734
65381
44225
-71425
90445
-53353
87583
57452
-20680
-64023
3993
49206
68016
22781
22380
83920
-7623
12622
57108
-14108
-18522
94396
37820
-22700
-7147
10079
-23982
-79619
-57586
44566
24027
-86228
-43951
-42696
99328
-89929
-70804
-9899
60827
-72623
-17070
60037
-77190
65573
-88537
20956
-5241
95528
58375
-83947
-67481
-85163
85121
21317
-15078
81047
-86249
-30711
43974
-97224
-52267
-65991
-56541
9133
-31165
-46284
81417
-64082
89806
8115
-59907
-62401
-28816
-61699
-67874
-18725
-37786
77872
48089
-68872
11653
84598
50624
52087
52557
40186
41044
-25586
-51416
10280
-56534
-59809
30902
-52508
55307
-77603
-44648
93658
34913
68762
-82997
1854
71797
69126
-85875
-30358
82857
33187
38761
-17939
-14218
42583
-14288
86799
8433
-7061
36027
-7433
75870
-47623
-78347
-87641
18239
28444
-99285
78229
-14311
-22434
17519
-82353
-21180
22308
-19468
-26920
-86984
60580
-84176
35157
-76326
-96959
-3080
8353
53526
19175
13182
63386
-74526
-74296
25359
78366
-99469
76206
81749
4966
33461
84230
15357
-67502
-63717
-96345
24365
-75800
-429
22936
80211
-62328
-88441
11272
30275
62521
97224
40790
-61279
11170
3444
75312
86828
-86080
-21041
63256
54778
-5323
-78971
36479
-15762
78521
99161
36088
49571
-63484
39668
38717
17375
93163
-79079
9114
83120
9634
-49448
16354
-92049
33992
-49886
87073
17215
-27234
-79713
-21962
-92308
-96285
33156
-19084
78882
-85881
88801
-52519
-75173
72924
-13702
-10262
-69237
-41116
-30101
88083
18326
-91587
-12660
10051
-50776
-80736
-72327
55273
-53546
1671
56420
55663
-36738
-24528
91557
-15348
-23925
-84522
-1071
49353
34195
-34858
-86726
72893
9036
55203
-23206
4255
49305
74316
-63944
34637
54705
38523
76307
-56325
96268
-79822
-72094
-29835
-3089
-28243
98004
29948
-10173
63848
-81537
91961
-70159
23371
-81600
-44610
38657
-51376
46300
-36933
-31110
51229
-59695
-10546
-83478
2658
-27300
-16811
6729
-20826
-43470
-47599
-33887
-51426
-29860
-59138
-6638
16457
-53567
-19207
-83025
-23677
-66648
77286
-44662
35121
-60010
-40120
72778
-22655
-25335
-31901
14963
4898
-30218
-31900
-19637
-27837
46986
-89645
3268
559
58493
57678
-56378
-70714
50947
-51290
-82682
-7242
66811
-93367
50677
-60680
-4991
87990
81460
47394
18862
99299
-9365
-45920
-83206
78692
-39150
26738
-80345
17155
28443
97714
82438
-41674
-55006
23889
-71596
8170
78588
25190
-29760
531
90710
15643
-35975
-91511
-97176
41343
81665
-20229
61778
-48481
10111
-43188
-88296
29324
-40273
-28399
42133
73232
-47254
-919
88889
-47206
11994
-55967
64422
32429
93968
52460
5938
90380
-19163
26992
-23477
-24944
83311
69387
-88245
48976
-31324
35019
37797
29440
-56353
89823
-96735
29175
79817
-27934
12574
86717
-82090
-91812
-37669
-80434
1789
8463
99847
-79105
-77874
-19278
-5736
-91591
43370
-12665
52249
71555
97989
-15392
1880
43837
-99735
-50269
-67947
91861
76801
48644
38507
2190
26731
145
84546
-61901
-40586
-62400
8695
74810
-65670
-46055
74855
29633
-66520
33411
99734
6271
-45732
-42569
-14100
58904
99431
-67949
-96836
-33084
61957
-65216
37684
16662
39531
21062
-75290
-12210
-10920
-33266
16961
-29387
-28479
-22477
-93251
26221
92698
-39930
75325
32726
-98421
56811
-7111
14414
-67537
-40286
37911
-90017
-61274
8114
-4570
-60114
-65392
78627
-3395
46781
39130
11849
-77079
10134
-99312
19778
46937
-74520
53767
79760
-5555
78159
5828
-80285
95379
73911
66587
9924
-22783
-92538
70636
7381
75683
-53919
-70889
-46029
-36696
-38286
54316
-30187
73378
-81985
41051
31623
53765
46103
-98074
-93171
71858
-32825
76088
2293
-30984
-30320
-91551
69584
-51421
-42207
-30541
18254
15829
83924
19516
21425
23466
-21807
-63699
63165
81000
73401
37214
-62249
-30588
346
-85016
-5786
84281
-64154
-61281
-20711
90648
18885
50606
58998
-46453
-23997
46618
28975
10286
-4892
-71121
-78927
-82356
-27901
17364
83071
47116
-69570
82138
-80088
-93544
-17712
29555
49723
81874
66429
-75089
83620
68473
-86870
16456
-98087
-68664
46575
-91848
-38532
-7718
-83957
-63777
74972
-2336
13962
56846
-32575
-66033
-23360
92773
-28597
-31725
83123
-19489
40121
-37259
39491
-21817
99095
84446
-74716
36379
-67964
82746
89490
-76917
-74712
47317
98543
-30445
99053
-22305
56218
-46614
-33608
77712
96638
-62076
-26033
9
55379
-2358
-71997
60120
-22736
-42300
97176
-9905
38173
-45808
-90864
-82181
72015
-65298
-35779
40865
37698
54357
42607
-15458
-3130
-44363
-10592
-38167
-90119
8878
-85091
21240
52431
87648
-8484
-63474
18467
-82080
90295
58104
-29795
75436
-88975
77078
49146
-5775
51939
54931
-49173
5760
-70159
73551
-26912
73241
95528
-81527
92565
-81849
45683
-12714
81897
59092
-12870
29019
36660
-77343
57280
-42312
6101
27151
2978
-90893
-9990
-807
73593
92295
-11044
-70264
-8572
-33189
-64558
43382
72014
-41577
-11309
-75110
51002
-13452
35141
-7667
-6610
32820
-13931
96541
-60293
83921
-70212
-17134
8031
20143
-29265
-11693
-31166
-10410
63846
-78481
48908
25525
90888
586
-77409
-52073
22724
-82331
-59006
81591
34753
-27410
8782
25557
99105
81359
61309
-73118
48782
-90920
54977
33399
95724
9202
92996
-57218
-96066
91501
-12772
-80926
-88072
12644
-57439
-56814
4500
-69697
-38029
61420
-85028
-7841
34935
3999
-69471
-4630
-41976
64150
-25730
-81338
-67394
53957
88243
88588
20515
-61033
92542
19995
45357
80996
-55755
-95721
-97701
-89446
7152
10256
-24584
-50027
92799
-84459
-55907
51080
-68986
68206
29548
-77016
54940
-11953
-87385
-32549
-65148
41810
-48321
-74667
30466
-95142
-79585
-54865
3579
38721
-7031
63382
78484
77278
338
59163
-62908
-29364
-52581
-34810
-21295
-66788
30819
20265
-75455
-63694
-74349
20761
-26562
84723
35400
74180
82161
38176
-89269
-31418
1476
57441
-47717
-38619
-23138
-66775
8241
42550
-88361
-74250
-45028
32296
-87761
78876
-48801
-68389
-26127
-5906
34741
-81602
-28888
-31268
-90077
7336
-58172
50801
34372
78301
52666
-43621
44449
-48552
33150
-64775
27875
-70587
76384
-23208
-28680
40964
-40330
-10409
-80243
-68090
48363
96137
-13686
63365
13958
54935
39628
-72023
-77604
-90780
61069
-73870
-9728
81099
-43926
40373
26612
92465
82271
-98140
-76297
1789
35858
-26606
-43158
43684
96193
-70449
82927
-63845
-88527
-53172
-36245
15766
4308
-81806
-15921
35705
-8197
26177
-56308
-41682
-30689
-87954
63773
-11625
-92330
-32825
49847
30099
-91600
-96548
94915
-93603
-95921
-25167
-91713
95721
90543
4583
-53408
-18084
72206
64060
53322
-97482
-39870
84101
-99422
-11291
-22917
22129
93934
13265
5103
19556
-88223
25208
-68270
76954
-24401
77929
62389
19135
75727
37627
-23358
56539
62003
7956
11561
-57389
20620
-71560
62184
93764
-67928
46777
-39951
89823
80179
-98444
-50254
-19933
-65674
48717
-54373
43537
10201
56576
42724
-73221
60264
-66099
42715
40404
-11622
68527
45694
44754
44151
-22255
-32409
79299
90386
-51574
24283
67939
-92502
90096
-94473
39285
-36531
70442
2752
-35370
-32541
-54632
-5786
36504
-80882
97789
50070
59448
-57196
-43007
-61491
81226
-91758
-15575
85290
-15492
89919
-22639
44866
-83735
67682
62872
-94870
10647
88993
-91657
89121
-52234
-34872
99991
-38648
-37007
42610
49902
69501
58703
21195
-58787
55979
50062
57172
-88806
-62920
20518
-88862
13686
-13505
-38731
7480
12192
37703
-60033
31910
-90172
42928
90094
57780
-23679
93074
64999
-23659
72017
19723
-12739
34025
-12150
39238
43554
44099
57769
93164
68736
33974
85441
47173
-37452
90140
-31460
-25377
61104
-57610
-71749
-30168
4757
44013
-63569
2353
50358
-97678
30423
65706
70164
49115
40742
-61708
-58452
99205
-367
-85182
68354
54646
99554
-21165
-12625
-41722
82193
42070
-86762
-54500
7697
99296
-94673
-26382
33319
88311
-24673
93807
61812
29576
-8729
-5433
-55688
-18223
-59951
-30976
2904
-46296
-67120
46787
-4019
-78878
99612
-30466
-28565
96309
-17596
-86147
27311
51836
-19331
48089
7558
15617
-58528
-22337
-95210
12280
86299
38058
-67955
-84335
-51192
-57045
44593
92549
18932
15952
-44085
47231
-12743
-84653
45316
-70590
-60616
1322
-65671
67589
-65705
-71933
-18421
3825
93636
48741
39368
19345
52293
11305
77463
42301
87413
89363
63423
-53620
-50353
94388
99716
-39691
-87075
91636
-17047
62915
63109
-89042
-24369
96500
33651
95156
70449
44647
-81461
95643
-94668
-33517
-1700
7987
-15445
-45627
49460
-46551
39436
91827
44841
-59011
88295
-90398
-33593
30380
74607
39924
-91041
-5676
27384
-63324
-92096
86450
60035
-71571
88773
63069
-50491
48020
13153
-6615
-30283
-95815
73048
65004
14021
-49344
-35691
16249
-57311
-52415
-18111
47729
-85938
-58953
42903
-35069
41039
29925
68464
-27706
23127
-68792
-32036
-19635
43255
86289
-39008
-87115
-3828
31023
76319
37292
-33337
12612
92123
10847
19206
12346
44090
-1934
-14854
-98735
-68464
96336
19856
-72919
83683
20155
42037
-16372
-50597
12112
42437
48292
30771
-98151
-61496
-60154
-94552
-35431
82640
-42440
-18421
89376
-26799
51988
-50711
-71474
-36056
83246
-6039
97100
17878
-15809
-89843
84669
6645
34759
-31213
-68674
27130
-41683
45863
-60994
755
119
82187
-89981
27978
36378
81046
-80741
43101
-46014
-80740
-20469
-84963
83469
-36316
93599
19206
75678
-62962
-54150
-47666
31854
73753
-13804
14206
-49290
81826
-74533
-45896
-77996
-2984
-48080
62443
-48867
-98182
-41398
79123
-28577
84557
-62074
-32133
91123
-82062
30030
-59472
-17549
-83022
-61597
35923
61466
-11114
-47931
87563
32949
8168
-75015
-22351
53651
7719
-38748
-31143
59502
55943
28320
-96234
14118
-60164
-5890
-83316
-44913
40073
-82662
-43416
16483
28218
-92853
56804
-35146
95200
57032
97174
59328
-81990
-34741
-72346
82677
-66315
22918
-58049
97967
-53714
53334
-45497
-42668
-33178
-62730
45765
78326
66723
36053
8653
-73501
-31748
-31466
-25471
-16163
45325
-71681
29344
15503
39013
88146
-11104
-42312
-70138
53426
-9501
93308
29753
74074
-60269
8433
14289
-36413
-85789
11657
-37809
39332
-34511
96765
49913
-50861
-66779
-54369
52399
35371
8664
-92555
60806
-44998
-23005
20825
-23039
-83075
26170
-27258
-70194
-24400
-83578
-70711
-44446
-45747
61086
31884
97578
-88632
85326
34926
-95972
-37494
-50988
89475
63077
90056
58970
-16222
-1405
-46265
-2755
3000
42506
-15801
36112
-90626
52236
-77562
90831
66208
34316
-73169
-3063
65574
-5990
67385
13939
66393
61508
84175
71261
91225
49643
-51876
-88419
-37016
-71678
58591
34464
-46822
49368
-49174
34747
32609
58672
59719
76297
53522
14495
-24467
-49839
36920
-62540
59258
-34766
75456
-4126
16784
-33089
79806
40257
-72439
-54693
-34405
-49167
23133
28941
-59211
-21868
-99078
13370
-8869
-39889
24467
95460
95830
-28397
79725
-67327
85176
22353
40883
60112
-5420
6915
-93779
-76723
-69445
80590
-2967
-48084
96019
-38419
1689
-30240
73186
-4438
-14687
88348
-25209
-547
5408
70004
-87796
75333
-41515
85392
-50045
-26050
40460
-49562
64693
97644
93926
-76073
-8932
-88536
-88490
-9268
66874
27016
-95154
20043
-89803
44041
-96236
57926
-844
-5236
-86159
-49432
18391
-92150
98800
23866
-15670
88446
81546
-9717
27897
-43134
-85948
24835
-15127
-83994
-65296
80732
-39895
1006
37496
32767
-7192
-54495
26793
-39147
83011
-2299
3787
-69706
-93625
-81764
74777
-34632
85123
-10935
26093
85544
17134
-87305
4879
-61483
23041
71925
46833
31662
97169
31666
-61562
73564
-3799
-4195
16876
51833
-83377
99550
-45353
50587
-46925
-12029
-52224
78744
-48298
-45559
82008
-23226
29984
-90449
-93236
-36419
52536
-54586
95866
48377
-34722
64947
-91229
27989
21090
-37261
91998
-33451
-78525
-75481
47734
-7904
69656
-53319
-8615
-26777
76466
75452
80611
71326
-92497
44396
-49456
-44720
29682
-98701
73834
61055
-72064
16464
19755
49175
-65252
8130
-94187
-21058
21791
53249
-30295
45761
99193
67955
-653
17555
-90352
18218
-68994
-71329
-91697
-53069
62785
60101
-34663
42357
456
-10241
-80413
40543
62069
71411
36051
-51312
81180
-84916
96596
30134
31998
13262
35766
-67374
-78182
-3500
-14897
21312
85258
-47865
41953
-98629
-22247
11237
17544
86974
38406
17536
48485
-61757
74889
-76612
-48557
-14429
-26501
18087
-17904
39388
-60914
-49144
-356
-11340
-73281
84277
-1585
-518
86376
19314
-59059
87407
96057
-36856
81437
50738
-41137
-55112
-36923
75712
-65768
-92097
38919
51769
-88857
33941
5105
49049
-917
33141
95096
93235
8399
21519
-92044
-17349
27690
-52785
95311
-74731
66013
20937
68558
96691
82424
14839
17951
-62250
38333
70136
58311
-17028
4734
-31830
56884
49313
-44204
61004
-1080
-63601
19298
-77329
-29839
-73360
-36726
-32581
-16838
53925
-25610
-4449
96826
52134
11413
43068
60281
5851
73798
-72018
43330
-23122
-8521
23251
-65782
-20537
-24483
-6343
26916
97870
-24240
-65018
-69767
-68201
-91464
79005
-86850
75727
36896
-69782
51203
-50303
29363
-79159
4404
48702
71127
6105
89037
-56593
33479
280
-6900
-70551
-10481
42796
-2043
-51052
-16270
63710
-81663
26896
1483
-23368
-5617
92182
1794
-22263
89410
-30276
32696
-72164
-3912
-26043
-89206
-31134
77129
-30507
40660
-44671
-42436
-45096
-29453
-40377
12748
-29716
-63648
-40035
58478
-157
-41042
18589
63194
-95016
93896
-80779
-4782
-43080
-65903
-52337
73849
-90850
15624
95844
-74103
-66233
71987
89956
-15851
91113
-98243
-4253
-79535
-52848
30826
93654
93340
3170
49514
44612
-85547
-56769
-17692
32748
-58791
94597
39805
-80545
66450
3824
9708
9660
-92964
-16327
-37292
67897
68434
-72998
-37196
-42146
83756
-77576
33894
88239
-26608
49024
-36924
-8244
99634
22768
10276
-49534
99926
99194
9582
-22186
80478
-21154
-69042
59964
-13235
49329
-8051
-4882
42451
49337
26997
-64835
-79949
32123
96496
87913
58274
20632
62687
-24634
19935
-61719
83589
-64546
78534
-82557
-52509
-57425
94643
-92036
-26938
65705
81775
-28483
25288
-41579
-34553
82029
-75257
-4202
14330
-84844
-9136
97258
-91731
-65862
-99214
15920
-34073
48330
-5980
98588
61188
-45665
-50488
-5547
-96292
37389
47640
-57087
-68604
-11218
55987
-75867
-5626
-63352
-64977
32096
67600
-62816
3417
851
-35350
-16002
11156
-5138
93486
-29259
26395
8517
95908
-86679
-5372
81639
43933
32629
-71689
82339
58426
76539
-41409
-5521
83424
86582
-99162
-49615
-47663
-48184
-12005
74095
-58958
-84709
-14183
38008
35205
-1901
-45263
23706
76823
4253
48597
-76488
68011
-99118
69983
8382
31508
-10365
-55132
-39638
62039
17427
78298
47418
-4335
10531
-27683
-26376
9363
58094
25229
-84153
60880
-22864
29569
95342
41543
48564
44929
-3461
-55885
-28177
97836
-77687
-25728
-54872
41803
98909
-48835
-67172
-65758
29360
28089
73077
20987
9528
-63474
-66172
93750
-17639
24299
-2548
23519
29021
-11791
22367
-14670
59847
18320
37734
-96593
-37710
-18974
-83741
-32109
45083
-10960
96337
78450
-38939
-28080
17053
-30596
-44137
46027
-80021
-57961
56054
48393
-93180
77113
-94071
63796
75864
-23203
98520
-7747
95926
-72201
95179
-31094
-2341
40701
-98833
32489
-9660
-28592
49750
74518
-32642
96626
178
-5694
-18943
69388
-93241
93961
36988
-95351
-7979
63470
6219
2411
-47819
-24154
63296
-48948
22891
55989
17947
72847
2130
34335
16035
69725
-35933
-17261
-3046
88312
2073
-20202
70445
34678
-83069
34928
4073
43802
-10640
93815
31320
-92517
-86050
60016
-71979
1144
-51004
-8658
-32327
907
-70786
29053
83587
-46000
-95668
60350
-56717
-73920
-43678
-12640
23780
-11023
24333
-13735
9759
-56120
29061
-63762
-83470
58909
-70921
-8989
26335
47088
81274
-97711
54169
-15503
-67758
33602
17740
-99821
24835
94729
52686
-79091
39923
45031
-54481
95354
55732
87019
-5320
-29769
-51129
51305
-80971
91799
64917
4952
-76135
58211
-7777
-10361
-74760
40602
-82724
24521
84943
21694
-88221
-8226
-44606
-71837
-58377
-36429
30804
-21897
-72027
61638
-37102
43013
-9
73689
63250
-17819
66896
45485
44932
81883
25478
62771
-94073
57177
60559
68324
-64387
-26435
33907
-56933
-68940
19793
67878
45110
-87957
-90354
-47137
14599
-33824
15936
-66178
-60739
18933
11038
-75660
67259
-62242
-3473
93663
-68064
-41771
-56424
-43426
43709
86664
-10285
-31156
31379
-97649
13602
24278
-61258
12590
29786
19825
-74079
-65336
73943
5036
91812
2064
-35360
79905
99024
70691
-1657
-89674
83507
93931
24266
-7821
-17612
-76582
-12764
87093
-62286
-41277
-15279
96917
39619
-5078
44608
-38544
41599
91557
-80058
32224
-49827
-56546
12037
-73624
29515
-30816
-85306
47315
31598
77147
-63597
-16515
-75214
88244
52965
-97129
-82534
10881
-7899
-81115
-61528
-27973
69057
75506
-94574
-34634
-26829
49799
45758
-56689
7487
11001
2872
11693
44134
7507
27286
-58266
89538
79799
55244
16897
-38668
-47550
18317
59351
-53050
56391
90705
-52366
2465
24907
82581
-10708
-10486
52838
55220
-51467
65929
-68151
59318
28373
61912
22239
30125
-7987
89141
1370
-22997
18530
-40401
-48859
66618
-14318
-16702
-46766
-51353
69660
69741
15466
-64771
-47483
-5224
-20560
64028
-5045
-46632
33123
-10587
-21253
12403
-17343
-77549
-91172
9139
62977
93201
-29449
-69712
-9300
-96652
69377
-93067
-70697
-20274
54507
-24304
-41329
8763
59899
5789
42824
76945
-20436
-59463
48745
-45806
10521
98976
41576
-14778
-744
64687
4508
55057
-92452
-19334
-19854
76113
-12165
9787
-71221
41130
-73227
-70254
74085
57075
-73701
-98167
54684
-60215
-60704
-10334
10830
34604
-35714
-67088
57555
-43329
8653
9791
-65577
18958
-2951
85702
22127
68185
-59645
24745
-75516
61223
41899
55532
15495
86358
-98754
-47429
79293
-52895
-92968
23487
-43620
67546
-58795
47296
-45685
-68057
-24539
52886
99303
8840
89031
-33701
33082
-33057
9875
-98907
80948
26932
37983
68971
-8869
74329
69936
92588
-48378
4067
49424
7043
16676
-1009
-6736
45167
87613
-65393
-5550
-78885
89567
58302
-25046
25868
70567
52907
-27178
59812
-62160
39404
-21375
46416
4766
-60679
-13942
86234
-33880
58263
-26284
-65434
-35142
-76894
3925
-41211
93935
63990
-25143
55914
58537
58812
86858
20114
63523
-35593
-95014
70215
67369
-27172
50416
94677
-53957
21170
53497
-80597
70456
28297
86826
-8687
20133
95129
94335
-98281
-88508
25899
-66939
-50493
-91130
41337
67680
-92471
-70201
71924
-30963
55053
-54580
28794
91540
59671
57619
53708
-92082
54
-59602
-14325
-33935
-4051
7047
84312
-23590
-21924
-62605
97404
92849
-83588
21138
1332
94545
-96366
87277
23835
-34011
67529
-4474
-72777
65210
-94350
-14365
-95058
-65927
-59610
80973
-10359
86702
7304
-79003
46359
-29555
19372
9137
55953
-20893
50477
86136
74254
-87577
-20796
90864
-13855
72174
9009
-86157
48755
-49191
-31595
-52704
763
-99216
74041
-94766
-34121
35716
20871
44713
-3707
-56813
-57310
41400
49396
33785
-14654
-60039
-25790
-96988
-65398
-14746
45991
-17161
-9999
69001
-56626
-73049
-84124
-43474
68759
36550
-94895
-2622
-6689
-34667
-63029
87950
63760
-92022
-85456
-67827
-47827
3557
21335
8040
63539
-88425
74941
-99804
-97568
7403
23753
-43634
-7168
-29997
26724
-79419
75094
-28934
22947
54966
96845
83239
36541
4798
-43934
6482
81503
-79412
35869
34918
84271
57689
-86285
35006
77180
-44067
-82572
-99989
92298
24376
96198
27820
22600
-76932
38037
-57459
-12845
74343
27299
-25079
75662
54724
75527
-50314
-45548
-26348
60699
-7920
-63155
25413
-24814
-11942
58593
5163
63813
81947
-57857
60161
-84843
-96049
-29825
13758
-16000
82545
-90306
-27490
-41322
59534
16910
-22203
23520
-61978
-22183
69986
-10487
49468
14797
-23505
-46628
86218
-95885
-2566
95770
-31285
68548
-45669
81356
82967
8344
11670
-7772
-32808
-63282
5877
27708
-39815
18349
44061
-22467
6561
-44985
-39417
8201
68625
22835
-99388
-78944
59743
21060
-84570
-84652
57364
51188
45190
98822
-51132
32172
37139
-74165
439
-35518
-94803
16609
-25640
-87809
30377
-81824
19323
-35012
-56346
89683
-66054
-92876
-16248
96590
98976
-26894
43265
-68695
-6299
-35551
-26335
-57442
-74944
-58138
20546
89930
54742
-4887
7855
-90261
28530
39188
-14987
-78034
37748
-26220
48316
89902
73406
9363
13352
-63810
-22313
-52875
-56332
-18428
-30503
60840
-29980
-42279
-41047
22028
-47897
57591
-54237
16563
-72895
80243
-98990
75598
32631
16130
6996
-37684
-49395
36683
29801
60180
-22765
-12962
25887
-54736
-19071
14643
-85168
92586
-84583
66758
15238
62328
-99510
-53513
-94118
34731
64992
73487
52860
-49011
-38405
-56958
7172
-88548
-34701
-70937
-61401
-41396
89703
-33402
29699
-7551
-85864
75333
-55007
15936
53854
28515
-98357
-85135
74899
-33139
72856
56192
83636
-5454
13331
60751
76881
34712
88100
24419
-36657
14587
-57103
-37172
67214
-43929
-27503
-72528
22156
93529
92713
-49183
-12868
-56386
37519
-67307
25950
-99653
-71973
-4366
-38579
68133
34650
27542
3849
11174
-76978
-70820
46096
-69438
-16156
76127
-39355
-49021
64333
-11018
-78400
-16361
19562
90229
-49337
4259
-6746
52604
-62603
-13999
-21389
867
-96081
-32076
-89881
-10772
46777
40805
-54974
-34424
-58655
8218
-85190
-49441
87990
52086
-26319
-32587
-69649
9779
-15622
-39259
83464
19036
83458
-92154
-17397
9304
-47334
487
93164
80985
-95023
-15574
71687
7869
81993
-92033
-46447
56173
-90383
-99335
36870
28965
-55748
-99273
53511
-2716
17059
23885
13836
97216
-73300
-34118
-97115
-59401
-12051
-29725
85923
89884
-26844
-18693
-70457
97781
3353
-44676
-81351
-4075
-89383
3932
859
-76310
-44115
45799
-20641
-45591
29077
87252
22083
96407
41620
-20118
86247
85426
-6316
-50261
36888
55477
39130
-90504
-5631
10520
-94335
-14434
-26108
-2549
-58513
69932
-52453
7355
52334
-55412
-23395
61044
57935
-15463
88425
92973
54096
66790
-79234
-37123
77341
-34855
29328
-24055
-90342
39782
62528
-46762
8510
52081
-96521
-22842
73045
-1924
-63388
-79981
55322
25627
98723
48627
-25092
-81283
-60256
96334
20846
36017
-15637
53863
80118
12459
-60552
-425
76491
-97457
84056
-85960
98366
13841
-46709
-15143
19132
-79621
-9954
-9441
53268
-7644
-54923
-49790
-98735
84044
96904
33851
-13024
-90870
-55474
84977
-27990
43345
-42187
5572
-59379
83663
-26621
-64444
16230
-38627
19768
35013
92570
10124
-67919
60046
30196
30296
63209
62460
18445
53211
46145
-93463
56745
-47513
-65438
-4593
-10868
-84278
-18352
66311
-25240
-90092
-95546
35195
48749
8022
-16233
-82002
65308
1057
59061
-84323
4145
98448
-97214
-28974
70572
-98536
79101
80505
79685
11459
33788
-98377
-98850
88471
55610
872
33499
-47392
-28717
-23168
-97158
35928
64810
-40163
62155
76517
-78449
-16685
-49358
-4651
28603
99595
19952
54256
76977
29269
-90443
53252
-95186
-73916
-88176
99402
11159
-96446
50895
-35392
-73301
-34077
17203
-10818
-1947
970
99036
-86793
49256
15517
-4247
88703
-81041
72777
-58036
68114
17130
-54995
21079
72176
98408
87801
16103
-5830
23415
-17654
-35593
83420
-38169
1191
32259
-99242
-35913
71587
76126
44354
27149
-92790
-17958
-587
60986
97546
56852
-66251
-34225
90651
-1618
-48646
-18899
-24944
-45044
29662
-77860
92891
-23691
-58535
39222
67649
-18887
-23113
-69290
45777
51489
-23975
-47747
75782
-66021
2016
98616
26760
92598
27131
-15137
-82607
28585
74525
20469
1573
-51620
-25323
-93092
-11702
-3527
55556
10284
-10829
89933
-87348
-95478
22056
-94289
-36304
-73718
6188
59158
10001
51902
-91039
13719
60967
22328
58128
-58163
-77319
-57663
51248
30015
51774
15796
-3535
-712
-36304
-74444
-24560
74005
53870
-77527
32725
-44693
-53049
-75337
-93117
60149
35121
57758
17892
-69943
91434
90022
-83905
-87159
23693
-49091
-48188
-12128
-16539
65168
-59149
54254
3559
-62308
56844
78910
-26083
47374
10731
-73069
9260
-29356
12896
94363
71517
-17259
-68663
59647
58916
41538
-60922
-40756
52882
97673
-6538
-91169
73459
-75354
-80526
-62239
99709
-81647
80985
-37969
20909
-19893
78167
-89282
-56850
50538
-85953
37197
72014
-23632
-69798
78821
22529
-8120
75514
-11600
-18444
87804
450
54345
5599
-49990
-95386
-28778
-79596
-13507
-46095
-34440
-13294
-35341
-36319
17240
12538
-60268
-52087
45360
84658
48295
22327
49906
61506
22063
38967
32209
-44873
-35558
-39179
-6696
71407
-69070
-17629
-83589
-5748
9144
-31796
78921
18790
19685
51810
4414
-29995
36215
1476
-54477
-58095
24622
-41752
-92500
-28457
69908
51727
53476
-60099
-68960
97226
8608
31537
15412
-23475
56706
92151
-11443
-60721
-43175
-20809
-47781
95831
38566
-51898
11065
-56652
75247
44983
-73363
63542
-43834
84880
32649
-20584
48935
7092
-11173
-29691
14747
-88802
-56406
44492
-46081
-79217
30743
94402
54864
-80075
20787
-12561
-1161
26702
-86475
4520
76202
2124
-9669
-74767
62538
73362
81115
76415
90044
67523
-58633
-18386
8668
-52867
-38010
-97993
-90094
89667
-73162
58998
90033
-6491
-98253
28952
-21739
69919
-96246
59070
92788
56751
-29162
-15750
77487
-49948
-3151
50180
-1490
-50468
-13587
12613
3543
36527
-66203
38923
-9184
-93678
-84422
-23014
48154
-42906
76932
-61342
62685
53253
-39019
60376
24358
1873
-83750
47689
69156
90234
-87764
68283
59777
-14753
49184
-33694
-81273
-7965
-823
64981
-22604
-3967
39395
21762
75114
-90649
39196
-58515
93844
13930
-74784
-79815
89976
41345
23878
-77516
-26878
22885
20999
-90219
22042
-98952
-59105
-27908
83093
23639
36865
86500
-31344
69167
71622
-80805
11977
34012
-73050
-4006
-59886
81646
27466
-3385
-51144
-68665
44861
-70150
-44210
-55731
89782
-76941
-97083
-62681
43996
39940
13957
-66891
90143
50603
1417
94278
27023
-79901
25905
99012
10642
50185
-2103
-33573
-60398
-39923
-6406
-78520
-84675
14843
-95538
80119
-54224
20804
-52952
-3409
-24706
86822
-21786
-21103
-18438
-31349
90958
13880
86086
22063
21796
-97852
-78505
98561
65303
-5911
80644
-38648
18007
85382
62956
95819
-30102
-71691
-61864
-57163
-69607
23872
-75161
-67853
44731
-90715
86850
-17041
-80801
-97494
13259
-65894
56555
92008
40458
57740
-39366
99951
-84034
5119
20329
-33981
-31124
-96061
76229
-40786
7047
32372
-22886
20206
44666
-73345
-80257
-3436
-47053
84075
72393
25996
96852
72835
36427
-65631
-51468
-30513
-21425
50141
-82405
909
44194
30086
-21999
43648
-47270
-11743
-15935
-47395
-42081
-90566
-28975
-18232
30013
53600
-16587
-53824
69774
16493
-35299
-88626
85802
-5935
43041
80331
88333
81562
27688
57968
-62095
96967
99333
16342
-24648
67493
54580
13543
-39422
76794
-40644
24336
76023
19324
98548
32024
84679
11485
31947
-13841
-91167
14989
-9633
20538
74081
63036
-80699
31566
-78225
-88870
84736
-79035
16005
-87598
59393
15256
-77740
79898
-694
72423
58003
23377
79380
-64594
47117
10217
28428
-3854
-21609
-85622
93725
6682
34084
21409
93081
14616
50597
-87536
79078
-86955
-26877
-99182
58718
-35021
33058
55505
-17795
10306
95969
19891
63695
-65311
-16640
-89308
-16921
-49467
55215
-96287
-4931
-9961
11036
-18306
-18948
1570
43724
75513
-29745
11688
-54881
96941
-52777
40465
-76122
20762
51023
-91926
86237
29097
99549
99112
-97753
-32263
11929
20727
78982
45428
-68193
34337
-16145
-35576
-53141
-59450
-44546
17957
62222
73744
56379
-70898
62018
46403
40063
90538
30790
-56961
-18417
56364
-67047
82611
-42313
-67744
-76168
-17821
54846
-91848
7007
78561
46564
66960
8149
-92655
37946
-83944
-16823
23105
-61404
21285
-82966
-7340
-90423
-73046
-62103
-20351
72102
-5350
386
-93010
-37222
-68778
60281
59697
-26176
65140
-98403
90755
45037
83635
-91475
17743
-23434
-94425
-77716
-38680
-68651
-51178
58378
-23271
59126
-8873
-68697
-64480
74463
38580
98764
83680
8447
-46808
-74258
-36975
56116
-52562
30424
-91261
28851
-58554
-71248
59309
51833
10955
14615
62805
-53099
72651
-86434
-78149
49095
71037
-67763
11210
27249
14443
-28392
-32573
56892
1821
-82773
37052
-10340
-92595
85361
-3622
-14259
-10004
34372
-5952
-25717
-47425
-41395
-82683
64634
83708
-41821
-38675
46222
-40030
79087
-81706
80219
19289
-20118
-12879
45459
96663
32401
-32868
-13605
-50644
-51190
59905
98477
1066
-45507
80488
15492
56088
52103
89253
-84317
35473
-13617
-94613
-36857
82927
94630
-17514
5755
98564
92056
95559
22035
82433
-65241
-77518
-84674
-9349
-56274
-73484
55810
73701
-92498
34501
23097
-22489
74369
-15987
-63774
-71560
-59493
-55672
-22607
95744
-7924
-30762
-71625
-70429
-38896
90943
-31174
-59369
-50266
-4191
-35097
-5916
64863
-67614
72353
45312
48885
72365
-60557
30882
-59766
38373
-19032
4669
-45157
-36674
-70506
-74833
63301
94635
428
90753
-6800
-51186
40166
-31049
57620
-86664
-55739
65082
88819
-51143
-98712
9616
-43045